0 0.141872 0.524878 0.144224 0.525920 0.147024 0.524531 0.145456 0.521927 0.142824 0.521840
0 0.816224 0.538247 0.816224 0.539080 0.817708 0.540434 0.820228 0.541580 0.821908 0.541476 0.821376 0.538663 0.820144 0.536684 0.818324 0.536059 0.816448 0.537101
0 0.552604 0.520799 0.553472 0.521406 0.554536 0.521840 0.556356 0.521840 0.557588 0.521146 0.557252 0.520278 0.555852 0.519757 0.554172 0.519757 0.553136 0.520017
0 0.553388 0.573064 0.554256 0.575582 0.556636 0.575234 0.555824 0.572804 0.554088 0.572370
0 0.514944 0.570894 0.515756 0.573325 0.516876 0.573932 0.518808 0.573498 0.518388 0.571155 0.517072 0.569505 0.515756 0.569592
0 0.214952 0.569835 0.215148 0.572526 0.216716 0.572786 0.216800 0.572092 0.217080 0.570703 0.216184 0.569488
0 0.188212 0.587214 0.188744 0.590026 0.191264 0.590339 0.192804 0.588368 0.192720 0.586285 0.189696 0.585964
0 0.215568 0.565964 0.215680 0.567318 0.216744 0.569401 0.218536 0.569193 0.218200 0.566172 0.216744 0.565130
0 0.193252 0.568880 0.193784 0.571484 0.195800 0.572005 0.196836 0.569609 0.195044 0.568047
0 0.187372 0.535990 0.187988 0.537205 0.189752 0.537031 0.190900 0.535469 0.188520 0.534687
0 0.179224 0.512118 0.179924 0.513854 0.182220 0.513507 0.184236 0.512726 0.186504 0.512205 0.185356 0.510556 0.182136 0.510556 0.180820 0.510816
