0 0.575912 0.593880 0.574820 0.593880 0.573084 0.593238 0.572412 0.592370 0.572188 0.590425 0.572412 0.588915 0.572860 0.588056 0.574372 0.587622 0.575912 0.587188 0.577452 0.586970 0.578544 0.586970 0.578964 0.587405 0.579832 0.588264 0.580056 0.589349 0.580280 0.590425 0.580280 0.591076 0.579832 0.592370 0.579412 0.592804 0.578964 0.593455 0.577872 0.593672 0.577004 0.593880
0 0.731312 0.560486 0.732796 0.561736 0.734168 0.562778 0.735624 0.564757 0.737836 0.564757 0.738368 0.562986 0.737836 0.561528 0.737108 0.561319 0.735624 0.559653 0.732376 0.558611
0 0.697124 0.567882 0.696928 0.569861 0.698916 0.570043 0.700204 0.569861 0.700568 0.567700 0.698748 0.565720
2 0.010760 0.498707 0.018600 0.494913 0.027476 0.493108 0.032404 0.494366 0.029128 0.496528 0.026776 0.498707 0.012776 0.502109
0 0.289276 0.582960 0.289276 0.582960 0.288072 0.582214 0.287484 0.581762 0.286868 0.580859 0.286728 0.579965 0.286728 0.578012 0.287008 0.577865 0.287624 0.577413 0.288828 0.576510 0.290060 0.576510 0.291264 0.576510 0.292188 0.576363 0.292776 0.577109 0.293532 0.578012 0.293532 0.579210 0.293392 0.579661 0.292776 0.581163 0.292776 0.581163 0.291880 0.582057 0.291404 0.582361 0.290508 0.582509
0 0.513920 0.582005 0.512828 0.581354 0.511736 0.580278 0.511736 0.579193 0.511960 0.577465 0.512408 0.576823 0.513724 0.576389 0.514592 0.576172 0.515908 0.576172 0.516328 0.576823 0.516972 0.577682 0.517196 0.579193 0.517196 0.580061 0.516328 0.581137 0.516104 0.581354 0.515684 0.581571
0 0.633536 0.610729 0.633536 0.610946 0.633116 0.610512 0.631352 0.609653 0.630708 0.608785 0.630260 0.607274 0.630036 0.605764 0.631128 0.605547 0.632220 0.604896 0.633760 0.604253 0.636168 0.602960 0.637680 0.602960 0.637904 0.603168 0.638996 0.604036 0.639416 0.604036 0.640732 0.606632 0.640732 0.607274 0.639640 0.608785 0.639220 0.609653 0.638996 0.610087 0.637260 0.610946 0.635720 0.611163 0.634852 0.611163 0.633536 0.611163
0 0.663272 0.606328 0.661760 0.606484 0.660528 0.606632 0.660080 0.606181 0.659940 0.605434 0.659772 0.604227 0.659772 0.603333 0.660248 0.602734 0.661312 0.602135 0.662348 0.601979 0.663104 0.602431 0.663720 0.603030 0.664336 0.604080 0.664644 0.604531 0.664336 0.606033
0 0.020420 0.605755 0.019244 0.605885 0.018040 0.606016 0.017508 0.606016 0.017116 0.605095 0.017004 0.604575 0.016864 0.603785 0.017116 0.602873 0.017648 0.602344 0.018460 0.601953 0.018712 0.601953 0.019636 0.601953 0.020952 0.602604 0.021372 0.603003 0.021484 0.603915 0.021624 0.604444 0.021484 0.604965 0.021232 0.605226
0 0.040272 0.601128 0.040272 0.601128 0.038536 0.600599 0.038284 0.600339 0.038004 0.599297 0.038424 0.598767 0.038956 0.598377 0.039460 0.598116 0.040132 0.598247 0.040664 0.598247 0.040916 0.598637 0.041196 0.599297 0.041196 0.599948 0.041196 0.600339 0.041196 0.600599 0.041196 0.600868
