0 0.372204 0.576806 0.373884 0.579410 0.375564 0.580451 0.376824 0.579306 0.376824 0.575139 0.374416 0.572847 0.372400 0.574931
0 0.370496 0.587222 0.370608 0.589514 0.373352 0.589722 0.374192 0.588264 0.373128 0.587014
0 0.386736 0.562431 0.385868 0.563785 0.386708 0.565139 0.388192 0.565139 0.390628 0.564097 0.389452 0.561701
0 0.385980 0.567326 0.386512 0.569306 0.389144 0.569306 0.390824 0.567431 0.388500 0.566597
0 0.356104 0.581493 0.355880 0.583889 0.358512 0.585035 0.361256 0.584201 0.362628 0.582951 0.364392 0.583160 0.365456 0.582639 0.362712 0.579826 0.357980 0.579097
0 0.391132 0.601988 0.390124 0.600738 0.390264 0.600113 0.390516 0.599488 0.391132 0.598490 0.391916 0.598359 0.393792 0.598611 0.394548 0.598984 0.395192 0.599740 0.395304 0.600486 0.395304 0.601363 0.395052 0.601988 0.394436 0.602361 0.393680 0.602613 0.393036 0.602613 0.391916 0.602613 0.390768 0.601858
0 0.389704 0.588837 0.390964 0.587214 0.391216 0.587083 0.392588 0.586832 0.393596 0.587083 0.394492 0.587457 0.395388 0.588212 0.395388 0.588585 0.395388 0.589835 0.395248 0.590460 0.394492 0.591832 0.393736 0.592083 0.392224 0.591962 0.391328 0.591962 0.390572 0.591458 0.390068 0.590964 0.389564 0.590339 0.389816 0.588707 0.390460 0.587839
0 0.383880 0.591085 0.383124 0.591207 0.382116 0.591085 0.381108 0.590460 0.380352 0.589089 0.380352 0.588585 0.380604 0.587457 0.381220 0.586962 0.382620 0.586710 0.383236 0.586710 0.384384 0.586832 0.384636 0.586962 0.385392 0.587587 0.385784 0.587960 0.386036 0.588585 0.386148 0.589210 0.385896 0.589714 0.385532 0.589957 0.384888 0.590582
0 0.383488 0.601832 0.382228 0.602214 0.380856 0.601832 0.380100 0.600964 0.379848 0.600208 0.379708 0.598837 0.379708 0.598212 0.380352 0.597708 0.381220 0.597335 0.382368 0.596962 0.383768 0.596962 0.384384 0.597214 0.384776 0.597708 0.385140 0.598333 0.385644 0.598958 0.385644 0.599957 0.385644 0.600208 0.385280 0.600833 0.384496 0.601337 0.384384 0.601458
0 0.372204 0.597109 0.373464 0.596111 0.373464 0.596111 0.373464 0.594740 0.373212 0.594358 0.371952 0.592734 0.371812 0.592613 0.371560 0.592613 0.370692 0.592734 0.370188 0.592734 0.369656 0.592986 0.369432 0.593611 0.369292 0.594358 0.369544 0.595234 0.369796 0.595859 0.370188 0.596736 0.370552 0.597240 0.371560 0.597613
0 0.358736 0.589201 0.359240 0.591389 0.362824 0.591910 0.365036 0.589097 0.362936 0.586285 0.358708 0.587326
0 0.381360 0.579514 0.381976 0.580972 0.383460 0.581389 0.385868 0.580556 0.384832 0.578993 0.383460 0.578993
