6 0.317608 0.377752 0.317272 0.305903 0.536372 0.309323 0.536036 0.379618
0 0.443664 0.607014 0.442908 0.606858 0.441396 0.605964 0.440192 0.605061 0.439268 0.603411 0.439268 0.602057 0.440024 0.600859 0.441396 0.600564 0.443664 0.601163 0.444112 0.601311 0.445484 0.603264 0.445652 0.604158 0.445036 0.605365 0.444728 0.605807
0 0.475920 0.572812 0.476060 0.571910 0.477908 0.570564 0.479700 0.569965 0.481828 0.569965 0.483340 0.570859 0.483648 0.571458 0.483816 0.572509 0.483340 0.574913 0.483200 0.575512 0.481688 0.576415 0.480932 0.576710 0.479560 0.576858 0.478356 0.576259 0.477292 0.575964 0.476984 0.575807 0.476368 0.574913 0.475920 0.574314
0 0.493644 0.604766 0.492300 0.605061 0.491236 0.604010 0.490620 0.602813 0.490620 0.601762 0.492608 0.601016 0.495184 0.600408 0.496248 0.600859 0.497004 0.602361 0.497004 0.603559 0.495632 0.604314 0.494708 0.604766
0 0.551268 0.603863 0.550512 0.603108 0.549448 0.602214 0.548076 0.601910 0.546704 0.601615 0.544744 0.601615 0.543540 0.602214 0.542476 0.602813 0.542168 0.604158 0.542168 0.605660 0.542784 0.607161 0.543372 0.607760 0.545332 0.609115 0.548216 0.609115 0.550820 0.608958 0.552024 0.608064 0.552780 0.606111 0.552472 0.605061
1 0.542308 0.581267 0.541244 0.581571 0.538528 0.582622 0.534580 0.582170 0.532900 0.580972 0.532760 0.580069 0.531108 0.579922 0.529736 0.580521 0.528364 0.580825 0.526544 0.578420 0.527468 0.576172 0.528980 0.574523 0.530940 0.574974 0.533516 0.576623 0.535644 0.577517 0.538528 0.578273 0.542168 0.577674 0.544436 0.577821 0.544128 0.578724 0.544128 0.580226
0 0.526852 0.591580 0.527020 0.591406 0.528084 0.591233 0.528868 0.591233 0.529568 0.591667 0.530184 0.592361 0.530268 0.593229 0.529988 0.593924 0.529484 0.594705 0.528588 0.594965 0.528084 0.594965 0.527468 0.594965 0.527020 0.594618 0.526656 0.594271 0.526236 0.593490 0.526236 0.593056 0.526236 0.592622 0.526320 0.592535
0 0.803968 0.584375 0.804220 0.583681 0.805788 0.582899 0.806684 0.582378 0.807916 0.582378 0.809036 0.582378 0.810100 0.582465 0.811752 0.582986 0.813264 0.584115 0.814216 0.585069 0.815616 0.587326 0.815616 0.588281 0.815448 0.590799 0.815084 0.591667 0.814048 0.593750 0.812984 0.594878 0.811332 0.595747 0.810268 0.596007 0.806488 0.595486 0.805704 0.595226 0.804752 0.594792 0.803772 0.594271 0.802904 0.593576 0.802120 0.592622 0.801672 0.591580 0.801504 0.590451 0.801504 0.589497 0.801588 0.588455 0.801840 0.587326 0.802036 0.586372 0.802288 0.585764 0.803352 0.584549
0 0.814048 0.567014 0.813068 0.566927 0.811948 0.566146 0.811416 0.565191 0.811136 0.563889 0.811752 0.562847 0.812816 0.561632 0.813600 0.560938 0.814832 0.560764 0.815000 0.560764 0.816232 0.561458 0.816764 0.561892 0.817212 0.562674 0.817380 0.563368 0.817464 0.564757 0.817380 0.565017 0.817128 0.565365 0.816400 0.566059 0.815980 0.566319 0.815364 0.566493 0.814832 0.566753
0 0.820180 0.559635 0.819648 0.559635 0.818864 0.559635 0.817548 0.559115 0.816512 0.558333 0.816064 0.556944 0.816316 0.556510 0.817716 0.555816 0.818332 0.555642 0.819564 0.555556 0.820796 0.556337 0.821048 0.556684 0.821244 0.557465 0.821048 0.557986 0.820964 0.558507 0.820544 0.559375 0.820460 0.559375
0 0.824156 0.566415 0.823904 0.565981 0.824072 0.565026 0.824436 0.564332 0.825220 0.563898 0.826788 0.563984 0.827488 0.564245 0.827936 0.565026 0.828020 0.565894 0.827600 0.566675 0.827236 0.566762 0.826452 0.567109 0.826004 0.567109 0.824968 0.566936
