0 0.308516 0.380955 0.307004 0.380356 0.305940 0.379740 0.304876 0.379288 0.304260 0.377509 0.304428 0.376745 0.306248 0.375990 0.307312 0.375842 0.310168 0.376293 0.311540 0.376892 0.311848 0.378108 0.311680 0.379740 0.311232 0.380208 0.310028 0.380807
0 0.483712 0.401519 0.482844 0.400825 0.481444 0.399870 0.480828 0.399349 0.479596 0.397700 0.479512 0.395877 0.478980 0.394314 0.479512 0.393273 0.480744 0.391970 0.481612 0.391450 0.483376 0.389974 0.483992 0.389453 0.485728 0.389366 0.486876 0.389366 0.488640 0.389714 0.490124 0.390061 0.491524 0.391102 0.491888 0.391797 0.492308 0.393707 0.492504 0.395356 0.492504 0.396571 0.492672 0.397700 0.492672 0.398915 0.491972 0.399609 0.490992 0.400304 0.490124 0.400738 0.489144 0.400998 0.487324 0.401085 0.486876 0.401172 0.485392 0.401519
0 0.488920 0.381936 0.487408 0.381936 0.486008 0.381328 0.485224 0.380807 0.484356 0.379939 0.484356 0.378637 0.485140 0.377682 0.486288 0.377335 0.488220 0.377422 0.489340 0.377769 0.490320 0.378377 0.490936 0.379158 0.491272 0.380460 0.491188 0.381241 0.490404 0.381675
0 0.515772 0.440122 0.513756 0.439601 0.512608 0.438646 0.512608 0.437691 0.513140 0.436302 0.513588 0.435781 0.514540 0.435434 0.515940 0.435087 0.517452 0.435347 0.517956 0.435694 0.517956 0.436649 0.517872 0.437604 0.517536 0.438385 0.517088 0.439253
0 0.670444 0.411024 0.669128 0.410851 0.667644 0.409635 0.667532 0.407899 0.668148 0.406424 0.669296 0.405729 0.671760 0.405556 0.673076 0.406510 0.673244 0.407639 0.673244 0.409115 0.673076 0.410330 0.671396 0.410851
0 0.695056 0.398759 0.694188 0.397977 0.694272 0.396849 0.695140 0.395807 0.696540 0.395547 0.696820 0.396415 0.697072 0.397543 0.696820 0.398498 0.696092 0.398845
0 0.708412 0.398524 0.707376 0.398264 0.706396 0.397135 0.706480 0.395747 0.706928 0.394878 0.707460 0.394705 0.709224 0.394444 0.710876 0.394705 0.711044 0.395660 0.711240 0.397222 0.710624 0.397743 0.709392 0.398438
7 0.098768 0.239384 0.098768 0.150920 0.433704 0.158012 0.432584 0.246476
0 0.167844 0.344479 0.168096 0.347335 0.169160 0.348108 0.172296 0.348108 0.173080 0.345747 0.169916 0.344479
0 0.175656 0.343064 0.176440 0.344887 0.178204 0.345408 0.179240 0.344540 0.178624 0.343151 0.176776 0.342543
