0 0.901712 0.484280 0.903924 0.483411 0.905408 0.481675 0.905408 0.480200 0.904344 0.479852 0.902944 0.480373 0.901992 0.481241 0.901012 0.482891
0 0.453180 0.419505 0.453768 0.422057 0.456820 0.421606 0.458472 0.418906 0.457716 0.415911 0.455308 0.416510
0 0.366688 0.458116 0.366520 0.460816 0.369628 0.461536 0.372344 0.458116 0.370524 0.456675
0 0.276920 0.465556 0.276780 0.468411 0.279496 0.468707 0.279356 0.466623
0 0.285404 0.432726 0.285572 0.434826 0.288428 0.435573 0.288288 0.433021
0 0.341628 0.432266 0.340060 0.432439 0.338044 0.431745 0.337428 0.430356 0.337344 0.428793 0.338912 0.426884 0.341292 0.426189 0.343644 0.426276 0.344876 0.427839 0.345128 0.429748 0.344176 0.431224
0 0.314860 0.413394 0.312648 0.413481 0.310464 0.412526 0.310128 0.411137 0.310632 0.409575 0.311948 0.408707 0.313796 0.408620 0.315896 0.408967 0.316792 0.409661 0.317128 0.411050 0.316876 0.412526
0 0.256424 0.463151 0.254744 0.463498 0.253596 0.463238 0.252812 0.461589 0.253960 0.460286 0.255976 0.459679 0.257040 0.460373 0.257460 0.462023
0 0.267932 0.444175 0.266168 0.443915 0.265300 0.443394 0.265384 0.441918 0.266084 0.440790 0.268184 0.440443 0.268884 0.441050 0.269584 0.442179 0.269416 0.443655
0 0.248444 0.451727 0.246428 0.451641 0.243992 0.451380 0.242480 0.449384 0.242760 0.447561 0.243992 0.445998 0.246008 0.445391 0.248640 0.445477 0.250040 0.447040 0.250208 0.448776 0.250040 0.450512
0 0.256452 0.443134 0.254240 0.443220 0.253288 0.442352 0.252392 0.441398 0.252924 0.439835 0.254772 0.439141 0.256872 0.439575 0.257656 0.440616 0.257488 0.442005
0 0.191268 0.467135 0.189504 0.467509 0.187600 0.467509 0.186844 0.465634 0.187096 0.464262 0.188496 0.462882 0.191520 0.462882 0.192892 0.463385 0.192780 0.465634
0 0.281624 0.461823 0.282520 0.463620 0.284956 0.463776 0.286636 0.463177 0.285264 0.461970 0.281932 0.461076
0 0.281456 0.452821 0.282996 0.454774 0.285264 0.454627 0.284340 0.450122 0.282828 0.449974
0 0.282212 0.415078 0.283584 0.416328 0.286244 0.416328 0.286244 0.413455 0.284984 0.412326 0.282828 0.413325
0 0.128016 0.456944 0.124460 0.455451 0.122976 0.453950 0.123844 0.452075 0.125860 0.450573 0.128268 0.450321 0.129920 0.451319 0.130928 0.453576 0.129276 0.455825
0 0.000336 0.394965 0.000336 0.392535 0.000084 0.390712 0.000868 0.389062 0.002548 0.388715 0.004200 0.389062 0.005264 0.390712 0.004900 0.392535 0.004368 0.393403 0.002100 0.394444
0 0.256228 0.429878 0.258580 0.431441 0.258860 0.429531 0.257348 0.428576
