0 0.001476 0.469488 0.002848 0.470217 0.006628 0.469905 0.006208 0.467300 0.004220 0.466050 0.002092 0.466259 0.000748 0.467717
0 0.073268 0.453550 0.074416 0.455217 0.077272 0.455009 0.077580 0.452405 0.076516 0.450842 0.074528 0.451675
0 0.345260 0.447613 0.346408 0.449618 0.348424 0.449115 0.348928 0.448116 0.348172 0.446363 0.346660 0.445990
0 0.957228 0.466806 0.959188 0.467127 0.960840 0.468759 0.961820 0.470391 0.961512 0.472023 0.960840 0.472023 0.957228 0.472674 0.956556 0.472674 0.956556 0.472674 0.955884 0.472023 0.955884 0.470061 0.956556 0.468429 0.956892 0.468108
0 0.936788 0.460608 0.938104 0.460278 0.939420 0.460938 0.939420 0.460938 0.940736 0.463212 0.941408 0.465174 0.939420 0.466476 0.938776 0.466476 0.936788 0.466476 0.935472 0.466155 0.935472 0.463542 0.935808 0.461589
0 0.894284 0.494193 0.895264 0.494193 0.896580 0.494844 0.896916 0.497448 0.896580 0.499410 0.894284 0.499410 0.892296 0.499410 0.891988 0.497127 0.891988 0.496476 0.893304 0.495495
0 0.894620 0.468759 0.896580 0.468759 0.897588 0.468429 0.898904 0.468429 0.899884 0.468759 0.900556 0.471042 0.900556 0.471363 0.900556 0.473325 0.900556 0.473976 0.899240 0.474957 0.898232 0.475278 0.895936 0.475929 0.895936 0.475929 0.895936 0.475929 0.893948 0.475278 0.893948 0.475278 0.893612 0.474627 0.893612 0.472995 0.893612 0.471363 0.895264 0.469410
1 0.849484 0.436806 0.851136 0.436155 0.855084 0.436155 0.858696 0.436806 0.858696 0.436806 0.860684 0.437786 0.860012 0.439418 0.859032 0.439418 0.858052 0.439740 0.856708 0.440069 0.855392 0.440391 0.853432 0.440720 0.851780 0.441372 0.850800 0.441372 0.850800 0.441372 0.850800 0.441372 0.849484 0.440720 0.849148 0.439418 0.849148 0.439089 0.849148 0.437786
0 0.379784 0.489141 0.381744 0.489141 0.382948 0.490321 0.383340 0.491884 0.383340 0.494227 0.383340 0.495009 0.383340 0.496189 0.382556 0.496189 0.381352 0.496189 0.378188 0.496189 0.377012 0.495799 0.377012 0.494227 0.377012 0.492274 0.377012 0.491102 0.379392 0.489141
0 0.356040 0.421458 0.358812 0.421068 0.360800 0.423802 0.360800 0.426155 0.360016 0.427717 0.359624 0.428108 0.358028 0.428498 0.357244 0.428498 0.355648 0.428498 0.355256 0.428108 0.354472 0.426936 0.354080 0.424583 0.354080 0.423021 0.356040 0.420677
6 0.334312 0.235260 0.555008 0.248108 0.550892 0.322474 0.330896 0.307604
