0 0.085852 0.559922 0.085852 0.559384 0.086384 0.558021 0.088316 0.557752 0.088848 0.557483 0.089688 0.557483 0.090220 0.558021 0.090500 0.559653 0.090500 0.561285 0.090500 0.562639 0.090220 0.564002 0.089408 0.565087 0.088596 0.565087 0.087476 0.565087 0.086384 0.564002 0.085292 0.562101 0.085292 0.561016
0 0.236156 0.552613 0.237808 0.549896 0.238900 0.549896 0.239460 0.550712 0.240552 0.552344 0.240552 0.553429 0.240020 0.555061 0.238368 0.555877 0.237808 0.555877 0.237276 0.555061 0.236716 0.554245 0.236716 0.553429
0 0.313072 0.569436 0.313072 0.568854 0.313464 0.568663 0.314220 0.568281 0.315172 0.568281 0.316320 0.568854 0.316516 0.570382 0.316124 0.571866 0.314808 0.572639 0.312876 0.573186 0.312512 0.573186 0.311364 0.571493 0.311364 0.570547 0.311756 0.569436
0 0.474884 0.534635 0.475780 0.534184 0.477180 0.533281 0.479448 0.533056 0.480596 0.533507 0.481268 0.534635 0.481968 0.536450 0.482416 0.537804 0.482416 0.538941 0.482192 0.540521 0.480820 0.541207 0.478076 0.541432 0.477180 0.540981 0.476256 0.539618 0.475332 0.538038 0.475108 0.536450 0.475108 0.535547
0 0.504900 0.533637 0.505600 0.532734 0.506272 0.532509 0.507644 0.532057 0.509688 0.532057 0.511312 0.533411 0.512460 0.535226 0.512460 0.537266 0.511760 0.537717 0.510388 0.537943 0.509240 0.538168 0.506720 0.538168 0.506272 0.538168 0.505348 0.536814 0.505348 0.535903 0.505348 0.534774
0 0.702412 0.536059 0.702412 0.536059 0.703000 0.536059 0.703364 0.536059 0.704512 0.536059 0.705268 0.536059 0.706416 0.536432 0.707172 0.537378 0.707368 0.538134 0.707172 0.539071 0.705856 0.539644 0.703756 0.539644 0.703560 0.539644 0.703000 0.539826 0.702412 0.539453 0.702216 0.538889 0.702216 0.537752 0.702216 0.536997
0 0.692304 0.591380 0.693368 0.590720 0.693480 0.590720 0.694432 0.591250 0.694824 0.591510 0.695216 0.592821 0.695748 0.593733 0.696140 0.594392 0.696420 0.594653 0.696812 0.595573 0.696952 0.596753 0.696532 0.597274 0.695216 0.597795 0.694180 0.598194 0.693116 0.598325 0.692444 0.597274 0.692304 0.595703 0.692024 0.594523 0.692024 0.592561 0.692192 0.592161 0.692304 0.591641
0 0.792740 0.588021 0.793048 0.587708 0.793356 0.587075 0.794000 0.586762 0.794308 0.586762 0.794812 0.586450 0.795260 0.586450 0.795596 0.586293 0.796548 0.586137 0.796688 0.586450 0.796856 0.587387 0.796240 0.588021 0.795904 0.588333 0.795120 0.589123 0.794308 0.589905 0.794000 0.589905 0.793692 0.590061 0.793692 0.590061 0.792880 0.589905 0.792404 0.588646 0.792404 0.588646
0 0.803548 0.595252 0.803688 0.595252 0.804164 0.594627 0.805116 0.594149 0.805452 0.594149 0.806068 0.593993 0.807188 0.593993 0.807496 0.594306 0.807664 0.595252 0.807496 0.596042 0.807020 0.596979 0.806404 0.597613 0.805760 0.597769 0.805116 0.597769 0.803548 0.597300 0.803212 0.597144 0.803044 0.596198
6 0.074988 0.314583 0.289216 0.313368 0.291064 0.383594 0.075856 0.385668
