0 0.619648 0.401293 0.620768 0.401293 0.621636 0.401293 0.622504 0.401293 0.623148 0.402153 0.623596 0.402587 0.624884 0.404965 0.625108 0.406259 0.624884 0.406910 0.624016 0.407344 0.622700 0.407552 0.621832 0.407552 0.620096 0.407552 0.619648 0.407552 0.618136 0.406693 0.618136 0.406693 0.617268 0.405825 0.617044 0.404531 0.617044 0.403880 0.617268 0.402804 0.617688 0.401936 0.618360 0.401293 0.618584 0.401076
0 0.513136 0.482075 0.513360 0.482075 0.514676 0.481858 0.514676 0.481858 0.516860 0.481858 0.517952 0.482943 0.519464 0.484453 0.519464 0.485747 0.519044 0.486832 0.518596 0.487257 0.516860 0.487691 0.515320 0.487691 0.513808 0.487691 0.513136 0.487040 0.512688 0.485747 0.512688 0.484670 0.512688 0.483585 0.512688 0.483368 0.512912 0.482943
0 0.690180 0.425182 0.688192 0.422370 0.688192 0.422370 0.687772 0.421944 0.687324 0.420642 0.687100 0.419349 0.687100 0.418056 0.687100 0.417839 0.687772 0.417622 0.688640 0.417622 0.688864 0.417839 0.689732 0.418915 0.690600 0.419566 0.691692 0.420859 0.692784 0.421727 0.694520 0.422804 0.696284 0.423455 0.697152 0.424748 0.697572 0.426693 0.696284 0.427769 0.694520 0.427986 0.694296 0.427986 0.692112 0.426693 0.690824 0.426259 0.690600 0.426259
0 0.682956 0.433602 0.684496 0.433602 0.685588 0.433602 0.686456 0.433602 0.686680 0.433602 0.686456 0.434253 0.686232 0.435330 0.685588 0.436632 0.683824 0.437274 0.682312 0.437274 0.681220 0.436415 0.680996 0.435122 0.682732 0.433819 0.682956 0.433819
0 0.687100 0.443976 0.687324 0.443976 0.687996 0.443976 0.688416 0.444401 0.689284 0.445269 0.690152 0.446780 0.690376 0.448507 0.689060 0.448941 0.687996 0.448941 0.686876 0.448507 0.686232 0.447865 0.685812 0.446997 0.685812 0.446563 0.686232 0.445052 0.687996 0.443759
0 0.156556 0.445226 0.157424 0.444366 0.157648 0.444149 0.158936 0.444149 0.160700 0.444792 0.161344 0.446094 0.160924 0.447821 0.160252 0.449549 0.158516 0.449766 0.156556 0.448898 0.156108 0.448247 0.156332 0.445443
0 0.131888 0.447821 0.132756 0.447170 0.133848 0.446953 0.135584 0.446953 0.136256 0.448247 0.136256 0.449766 0.135164 0.451059 0.131664 0.452135 0.130796 0.452135 0.130348 0.451059 0.130348 0.450191 0.131216 0.448681
1 0.407464 0.447908 0.407884 0.447908 0.408164 0.447908 0.409116 0.448082 0.410012 0.448082 0.411132 0.448082 0.411664 0.448168 0.412364 0.448082 0.413232 0.447995 0.413848 0.447995 0.414660 0.447995 0.416312 0.447995 0.417544 0.448082 0.417712 0.448082 0.418496 0.448082 0.419112 0.448082 0.420708 0.448082 0.421660 0.448255 0.422276 0.448255 0.423340 0.448429 0.424740 0.448776 0.426224 0.449036 0.427288 0.449123 0.428940 0.449210 0.430256 0.449210 0.431236 0.449384 0.432552 0.449644 0.433868 0.449818 0.434988 0.449905 0.436416 0.449905 0.438852 0.449905 0.440784 0.449991 0.442800 0.449991 0.444648 0.449991 0.445880 0.449991 0.445964 0.449991 0.446580 0.450339 0.447028 0.450425 0.447532 0.450425 0.448596 0.450425 0.450164 0.450512 0.451676 0.450686 0.452628 0.450773 0.453776 0.450773 0.454728 0.450686 0.455624 0.450425 0.456492 0.450165 0.457444 0.449818 0.458144 0.449731 0.458760 0.450078 0.459040 0.450859 0.460188 0.451380 0.460888 0.451467 0.462372 0.451554 0.463240 0.451554 0.465004 0.451554 0.466768 0.450946 0.468420 0.450773 0.469904 0.451033 0.470604 0.452248 0.472368 0.452335 0.473516 0.452335 0.475252 0.452335 0.477548 0.451727 0.478780 0.451120 0.479816 0.451033 0.480796 0.451901 0.481048 0.451901 0.481580 0.451901 0.482812 0.451467 0.483764 0.450946 0.484828 0.450773 0.485696 0.450859 0.486928 0.451988 0.487012 0.452682 0.487012 0.453116 0.487012 0.453637 0.486928 0.454158 0.486480 0.454332 0.486060 0.454418 0.484744 0.454766 0.483764 0.454939 0.481916 0.454418 0.481328 0.454071 0.479732 0.453724 0.478584 0.453898 0.477716 0.454418 0.476932 0.454939 0.476316 0.455026 0.475084 0.455026 0.473936 0.454679 0.473516 0.454505 0.472284 0.454158 0.470352 0.454071 0.468868 0.454158 0.467972 0.454679 0.466768 0.455373 0.465172 0.455460 0.463520 0.454852 0.462708 0.454505 0.462092 0.454071 0.460524 0.453464 0.458256 0.452943 0.457556 0.453030 0.456576 0.453290 0.455876 0.453464 0.454308 0.453290 0.452712 0.452682 0.452180 0.452335 0.451060 0.452335 0.450528 0.452335 0.449548 0.452335 0.448148 0.452335 0.446048 0.451901 0.445796 0.451901 0.445180 0.451901 0.444116 0.451901 0.443416 0.451901 0.442996 0.451901 0.442100 0.451814 0.441148 0.451554 0.440532 0.451554 0.439916 0.451554 0.439132 0.451467 0.438432 0.451380 0.437900 0.451293 0.437200 0.451293 0.436416 0.451293 0.435352 0.451293 0.434568 0.451293 0.434372 0.451293 0.433336 0.451293 0.431936 0.451120 0.431404 0.451033 0.431040 0.451033 0.429920 0.451033 0.428408 0.450686 0.427624 0.450686 0.426588 0.450599 0.425972 0.450599 0.425440 0.450599 0.424824 0.450512 0.424124 0.450425 0.423424 0.450252 0.422892 0.450165 0.421660 0.449818 0.420960 0.449731 0.420092 0.449644 0.419392 0.449644 0.418776 0.449557 0.418412 0.449557 0.417376 0.449557 0.416592 0.449557 0.415612 0.449557 0.414912 0.449644 0.413680 0.449557 0.413064 0.449557 0.412028 0.449557 0.410516 0.449470 0.410096 0.449470 0.409732 0.449470 0.409116 0.449470 0.408332 0.449470 0.407884 0.449557 0.406932 0.449644 0.406316 0.449644 0.406064 0.449470 0.406064 0.449470 0.406064 0.449297 0.406064 0.449123 0.406148 0.448776 0.406484 0.448429 0.407100 0.448168 0.407268 0.448168 0.407464 0.448082 0.407632 0.447995
0 0.593104 0.405668 0.596912 0.402248 0.601840 0.400807 0.603100 0.403507 0.601840 0.405842 0.598732 0.408003 0.593636 0.408003
0 0.486536 0.424913 0.487740 0.424618 0.488804 0.424470 0.489728 0.424470 0.491240 0.424766 0.492136 0.425069 0.493368 0.425964 0.494264 0.426866 0.494712 0.428368 0.494712 0.429566 0.493060 0.430469 0.491240 0.430469 0.490036 0.429870 0.488804 0.429115 0.487292 0.428663 0.485920 0.428368 0.484716 0.427613 0.484716 0.426415 0.485332 0.425668 0.486088 0.425217
