0 0.823696 0.560634 0.823696 0.560373 0.823780 0.559852 0.824592 0.558898 0.825096 0.558464 0.825544 0.558203 0.826328 0.557856 0.826860 0.557682 0.827028 0.557682 0.827476 0.557595 0.828624 0.557595 0.828876 0.557595 0.829576 0.557856 0.830108 0.558637 0.830192 0.559245 0.830024 0.559766 0.829408 0.560460 0.828624 0.560634 0.827812 0.560981 0.827476 0.561241 0.827308 0.562023 0.827028 0.562630 0.826692 0.562891 0.825992 0.562891 0.825180 0.562717 0.824228 0.562196 0.823528 0.561415 0.823528 0.560634 0.823528 0.560634
0 0.850296 0.538047 0.850296 0.536849 0.851052 0.535347 0.851668 0.535043 0.852592 0.534592 0.853320 0.534444 0.853936 0.534444 0.854692 0.534748 0.855924 0.536398 0.856064 0.537292 0.856204 0.538342 0.856204 0.539097 0.855448 0.539696 0.854692 0.540295 0.853488 0.540747 0.850912 0.540599 0.850296 0.540295 0.850296 0.538941 0.850296 0.537891
0 0.826636 0.484132 0.827392 0.483837 0.828624 0.483385 0.829212 0.483238 0.831172 0.483238 0.833468 0.483837 0.833608 0.484887 0.833608 0.485781 0.832852 0.486832 0.831956 0.487283 0.830584 0.487734 0.829828 0.488038 0.827700 0.488038 0.827084 0.487882 0.826496 0.487283 0.826356 0.486684 0.826356 0.485634 0.826944 0.484288
0 0.883672 0.493724 0.884288 0.493203 0.885072 0.492856 0.885772 0.492769 0.886556 0.493203 0.887004 0.493724 0.887256 0.494245 0.887256 0.495200 0.886640 0.496328 0.884904 0.496589 0.884288 0.496241 0.884008 0.495807 0.883588 0.495200 0.883504 0.494592 0.883504 0.493637
0 0.873592 0.496788 0.873676 0.496181 0.874292 0.495747 0.875188 0.495399 0.876672 0.495399 0.877372 0.495660 0.877624 0.496701 0.877624 0.497569 0.877624 0.498611 0.877372 0.499219 0.875692 0.499479 0.874460 0.499306 0.873424 0.498698 0.873060 0.497743 0.873508 0.496875
2 0.060472 0.454158 0.062880 0.456111 0.067444 0.455660 0.070916 0.454905 0.071084 0.452509 0.066688 0.451910 0.061816 0.452205
2 0.116864 0.451233 0.119608 0.451337 0.122772 0.452795 0.126356 0.454045 0.126664 0.451753 0.123416 0.449149 0.118656 0.448941
0 0.637076 0.554462 0.637496 0.553507 0.638028 0.552986 0.638392 0.552726 0.639092 0.552726 0.639960 0.552726 0.640408 0.552726 0.641556 0.553073 0.642060 0.553594 0.642256 0.554375 0.642144 0.555677 0.642060 0.556545 0.641192 0.557326 0.640044 0.557587 0.639176 0.557587 0.638392 0.557500 0.637776 0.557240 0.637160 0.556372 0.637076 0.555590 0.637076 0.555069
0 0.684172 0.532014 0.684508 0.531059 0.684704 0.530799 0.685040 0.530712 0.685572 0.530625 0.687056 0.530799 0.687504 0.531493 0.687840 0.532361 0.687840 0.533142 0.687504 0.533663 0.686972 0.534097 0.685740 0.534271 0.684424 0.533837 0.684172 0.533229 0.684088 0.532795 0.684088 0.532014
0 0.677368 0.550807 0.677984 0.550356 0.680252 0.550356 0.680560 0.550512 0.681792 0.551406 0.682548 0.551858 0.682856 0.553056 0.682996 0.554714 0.682996 0.555608 0.681316 0.556806 0.679664 0.557561 0.677844 0.557856 0.675856 0.558012 0.675100 0.557109 0.674652 0.556207 0.674344 0.555009 0.674652 0.553811 0.675100 0.552908 0.675716 0.552014 0.676612 0.551710 0.677228 0.551406
0 0.671320 0.510460 0.672832 0.509861 0.673896 0.509557 0.674652 0.509410 0.675716 0.509714 0.676304 0.510911 0.676304 0.511962 0.675856 0.513012 0.674344 0.513759 0.672832 0.513759 0.670872 0.512708 0.670564 0.511207 0.670872 0.510911
0 0.617364 0.505807 0.619016 0.505208 0.621452 0.505061 0.622348 0.505208 0.622824 0.506406 0.622656 0.507457 0.621900 0.508212 0.620696 0.508958 0.618876 0.509262 0.618120 0.509106 0.617644 0.507908 0.617504 0.507457 0.617504 0.506406 0.617504 0.506406
0 0.715420 0.490807 0.715728 0.490208 0.716652 0.489609 0.718304 0.489010 0.719228 0.488863 0.720292 0.488863 0.721048 0.489757 0.721496 0.490660 0.721188 0.492309 0.719816 0.493359 0.717996 0.493811 0.715896 0.493663 0.715280 0.492309 0.715420 0.490660
0 0.760444 0.519609 0.761060 0.518264 0.761816 0.517960 0.762712 0.517960 0.764532 0.517960 0.765148 0.518559 0.765148 0.519757 0.764840 0.520356 0.763328 0.521111 0.760752 0.521259 0.759240 0.520356 0.759688 0.519913
0 0.645308 0.549253 0.645588 0.548559 0.646008 0.547865 0.646904 0.547344 0.647688 0.547170 0.649452 0.546649 0.650656 0.546215 0.651720 0.546215 0.652588 0.546736 0.652952 0.547083 0.653204 0.547865 0.653204 0.548906 0.652168 0.550642 0.651104 0.551510 0.649872 0.551944 0.648724 0.552205 0.647520 0.552378 0.646624 0.552465 0.645840 0.552378 0.645392 0.551858 0.645308 0.551163 0.645308 0.550208 0.645392 0.549687
0 0.857800 0.473898 0.859256 0.473542 0.860152 0.473359 0.861300 0.473290 0.861748 0.473290 0.861748 0.473542 0.862364 0.473811 0.862700 0.474062 0.863316 0.474670 0.863764 0.475191 0.864100 0.475877 0.864212 0.476493 0.864212 0.477352 0.864100 0.477873 0.863428 0.478741 0.863064 0.479193 0.861832 0.479783 0.860964 0.479878 0.859480 0.479696 0.858080 0.479097 0.857184 0.478490 0.856680 0.477622 0.856568 0.476580 0.856568 0.475443 0.857184 0.474497 0.857352 0.474245
