1 0.827864 0.556458 0.827080 0.555512 0.826912 0.555252 0.826044 0.554991 0.825232 0.554991 0.824448 0.554470 0.823328 0.553950 0.822628 0.553255 0.821732 0.551866 0.821732 0.551345 0.821816 0.550816 0.822096 0.550564 0.823132 0.550382 0.823916 0.550477 0.825148 0.550477 0.826128 0.550564 0.827780 0.550911 0.828928 0.551345 0.830244 0.552648 0.830608 0.553420 0.830860 0.554557 0.830776 0.555512 0.830244 0.556380 0.829460 0.556988 0.828676 0.557161
1 0.811036 0.570530 0.811372 0.570182 0.812800 0.569401 0.813668 0.569045 0.814900 0.567839 0.814984 0.567405 0.814620 0.566363 0.813920 0.565755 0.813136 0.565061 0.812268 0.564800 0.811568 0.564705 0.809888 0.564887 0.807956 0.565234 0.807536 0.565668 0.806920 0.567144 0.806920 0.568446 0.807172 0.568967 0.808488 0.569661 0.809020 0.570095 0.809552 0.570703 0.810252 0.570877
1 0.809272 0.581554 0.810336 0.580599 0.811036 0.580252 0.811820 0.579731 0.813220 0.578863 0.814004 0.578082 0.814816 0.577214 0.815852 0.575990 0.815768 0.575043 0.815236 0.573819 0.814620 0.573134 0.814004 0.572873 0.812800 0.572951 0.811288 0.573134 0.810672 0.573220 0.809636 0.573220 0.808236 0.573655 0.806388 0.574783 0.805856 0.575391 0.805324 0.576858 0.805240 0.578082 0.805324 0.579123 0.805520 0.580078 0.805772 0.580686 0.806136 0.581033 0.807172 0.581814 0.807452 0.581901 0.808236 0.581988
1 0.810168 0.583802 0.810588 0.583030 0.811372 0.582161 0.812688 0.581120 0.813220 0.580859 0.814200 0.580686 0.815320 0.580686 0.815768 0.581120 0.816048 0.581554 0.816468 0.582066 0.816748 0.583203 0.816916 0.583802 0.816832 0.584592 0.816216 0.585460 0.815068 0.586241 0.813752 0.586068 0.813136 0.585634 0.811988 0.585634 0.811204 0.585720 0.810252 0.585634 0.809720 0.585026
1 0.826212 0.584670 0.826660 0.584852 0.828060 0.584852 0.829460 0.584592 0.831476 0.584071 0.832176 0.583203 0.831728 0.582335 0.831560 0.581293 0.831224 0.580686 0.831112 0.579297 0.830692 0.578429 0.830328 0.577726 0.829712 0.577561 0.828676 0.576858 0.827780 0.576085 0.826996 0.576085 0.826548 0.574957 0.826464 0.574436 0.825848 0.573134 0.825512 0.572517 0.824728 0.572786 0.823748 0.572700 0.822516 0.573915 0.822096 0.575391 0.822096 0.575825 0.821116 0.576780 0.820500 0.577474 0.820248 0.578863 0.819996 0.579462 0.819100 0.581380 0.819380 0.582161 0.820500 0.583464 0.821816 0.583203 0.822964 0.582161 0.824112 0.581467 0.824812 0.581901 0.825232 0.583030 0.825764 0.583802
1 0.836572 0.582682 0.837356 0.581554 0.837972 0.580859 0.838140 0.579462 0.838840 0.578516 0.838924 0.577387 0.838588 0.576172 0.837692 0.575477 0.836992 0.575477 0.835872 0.575738 0.835060 0.575738 0.833324 0.576085 0.832260 0.576345 0.831644 0.576780 0.831392 0.577214 0.831644 0.578429 0.832624 0.578950 0.833128 0.579297 0.833576 0.580512 0.834976 0.581380 0.835592 0.581814
1 0.842172 0.573047 0.842340 0.572083 0.842536 0.570964 0.842620 0.569835 0.841920 0.568793 0.841220 0.567578 0.840324 0.565668 0.839708 0.564366 0.839288 0.563672 0.838756 0.562891 0.836908 0.561502 0.836040 0.561589 0.834808 0.561415 0.833492 0.561233 0.832344 0.560799 0.831392 0.560460 0.829460 0.560286 0.828312 0.560026 0.827528 0.559931 0.825512 0.560547 0.824280 0.561936 0.824196 0.563238 0.824644 0.564627 0.824812 0.565495 0.825064 0.566875 0.825064 0.567578 0.824728 0.568177 0.824532 0.568707 0.824532 0.570269 0.825344 0.571137 0.826380 0.572083 0.827080 0.572700 0.828228 0.574002 0.829544 0.574957 0.830160 0.575122 0.831308 0.575122 0.832092 0.574688 0.833408 0.574523 0.834976 0.574523 0.836376 0.574175 0.837356 0.573741 0.838392 0.573385 0.840520 0.573047
1 0.848304 0.569661 0.849816 0.569748 0.851132 0.569913 0.852784 0.570182 0.853764 0.571311 0.854100 0.571832 0.855164 0.572873 0.856900 0.573655 0.858412 0.573307 0.859028 0.572352 0.859028 0.571484 0.858580 0.570095 0.858048 0.568967 0.856900 0.567491 0.856116 0.566363 0.855164 0.564366 0.854632 0.563064 0.853932 0.561762 0.853148 0.560113 0.851916 0.558984 0.850068 0.558464 0.849004 0.558464 0.847436 0.559063 0.845868 0.559852 0.844272 0.560720 0.842452 0.562101 0.842256 0.562891 0.842088 0.564019 0.842088 0.564705 0.842088 0.566189 0.842256 0.566710 0.843152 0.567665 0.844188 0.568707 0.845420 0.569479 0.846820 0.569835
1 0.842620 0.560894 0.843152 0.560286 0.844272 0.559245 0.845252 0.558724 0.846372 0.558290 0.847184 0.557075 0.847436 0.556293 0.847184 0.555425 0.846484 0.554036 0.845784 0.553342 0.844356 0.551953 0.843320 0.551345 0.841836 0.550738 0.840772 0.550382 0.839540 0.550217 0.837356 0.551606 0.837188 0.553255 0.838056 0.554557 0.838672 0.555946 0.839456 0.557326 0.839988 0.558290 0.839708 0.559852 0.839372 0.560894 0.839372 0.561762 0.839372 0.561936 0.841136 0.561589
1 0.838616 0.549627 0.839232 0.548628 0.841136 0.547248 0.842396 0.546372 0.845056 0.544627 0.848080 0.543125 0.849592 0.541250 0.850236 0.539253 0.849592 0.538003 0.847716 0.537873 0.845196 0.538872 0.843656 0.539375 0.843040 0.539123 0.842648 0.537500 0.842144 0.536250 0.841276 0.535625 0.840268 0.535625 0.838112 0.535998 0.835704 0.537240 0.833548 0.539123 0.832064 0.540747 0.830916 0.543498 0.831028 0.544878 0.831420 0.546502 0.832176 0.547752 0.832820 0.548377 0.833436 0.548750 0.835340 0.549375 0.836208 0.549627 0.837496 0.550000
1 0.833184 0.536250 0.834332 0.535625 0.837748 0.533872 0.838868 0.532752 0.838868 0.531875 0.838616 0.529748 0.838616 0.528377 0.837608 0.526997 0.836348 0.525747 0.835844 0.525000 0.834836 0.524253 0.832820 0.523872 0.831812 0.524627 0.830776 0.525252 0.830524 0.527873 0.830664 0.528247 0.830916 0.529748 0.830916 0.531128 0.830412 0.532127 0.829768 0.532622 0.829264 0.533247 0.829264 0.534497 0.830524 0.535998 0.830916 0.536250 0.831924 0.536623
1 0.869808 0.552865 0.870200 0.552865 0.872356 0.551128 0.874876 0.550122 0.876780 0.548498 0.878656 0.547378 0.880420 0.546250 0.881064 0.544253 0.879916 0.542622 0.878292 0.540625 0.877284 0.539002 0.875380 0.536997 0.874232 0.536997 0.871600 0.536502 0.870200 0.535122 0.868800 0.534253 0.867540 0.534123 0.865272 0.534375 0.864516 0.534748 0.862612 0.535859 0.861996 0.536502 0.861100 0.536753 0.859448 0.536875 0.858076 0.536875 0.856424 0.536250 0.855416 0.536250 0.854912 0.536875 0.854548 0.537622 0.854156 0.539253 0.854016 0.539497 0.853008 0.540252 0.852140 0.540877 0.851748 0.541250 0.851244 0.542248 0.851244 0.544123 0.851888 0.544878 0.852392 0.545252 0.855024 0.547500 0.856424 0.548628 0.857936 0.549253 0.859840 0.550252 0.861744 0.551623 0.862752 0.552378 0.864768 0.553003 0.866168 0.553247 0.868044 0.553247
1 0.863256 0.527986 0.864040 0.527205 0.865356 0.526163 0.865636 0.525729 0.865888 0.525208 0.866336 0.524340 0.866672 0.523819 0.866868 0.522951 0.866084 0.522691 0.865552 0.522691 0.864040 0.523646 0.863256 0.523993 0.862136 0.523906 0.860288 0.523993 0.859840 0.524253 0.859672 0.525382 0.860456 0.526510 0.861408 0.527118 0.862136 0.527899
1 0.873672 0.534115 0.873672 0.534115 0.874036 0.532986 0.874568 0.532292 0.875352 0.530729 0.875884 0.529080 0.876220 0.527431 0.876220 0.525174 0.875352 0.523785 0.874372 0.522743 0.873168 0.522049 0.871320 0.522049 0.869556 0.522656 0.868408 0.523438 0.867092 0.524479 0.866588 0.525087 0.866308 0.526302 0.866308 0.527257 0.867288 0.528559 0.868604 0.528733 0.870172 0.528646 0.871236 0.529253 0.871656 0.531337 0.871936 0.532465 0.872552 0.534028
