11 0.020496 0.572248 0.022036 0.571927 0.024248 0.571484 0.026012 0.571597 0.027216 0.571710 0.028644 0.571814 0.030856 0.571597 0.031752 0.571597 0.032620 0.571267 0.031304 0.570503 0.029540 0.569410 0.027552 0.568863 0.026768 0.568542 0.025340 0.567561 0.024360 0.567118 0.022932 0.567231 0.021476 0.567448 0.019936 0.567882 0.018956 0.568646 0.018396 0.570399 0.018956 0.571710
11 0.046788 0.569905 0.048216 0.569427 0.051716 0.569748 0.054740 0.569748 0.058212 0.569583 0.061712 0.569583 0.066640 0.568958 0.069496 0.569115 0.071568 0.569271 0.075236 0.569583 0.078400 0.569583 0.080780 0.569271 0.084112 0.568802 0.087612 0.568958 0.090160 0.568168 0.093352 0.567856 0.096992 0.567856 0.100016 0.567856 0.102228 0.568012 0.105896 0.568168 0.108416 0.569583 0.108584 0.571163 0.108416 0.572257 0.107968 0.573672 0.106372 0.574618 0.103516 0.575408 0.098896 0.575087 0.096516 0.574618 0.094136 0.574618 0.091112 0.573203 0.089684 0.572101 0.086520 0.572413 0.083804 0.572101 0.081256 0.572101 0.077616 0.571788 0.076188 0.571788 0.073808 0.571632 0.070308 0.571476 0.068068 0.571476 0.064260 0.571476 0.062188 0.571476 0.059668 0.571632 0.057596 0.571632 0.055524 0.571632 0.053144 0.571944 0.050764 0.571163 0.048860 0.571163
11 0.114436 0.570590 0.114604 0.570590 0.116452 0.570503 0.117236 0.570503 0.118188 0.570417 0.119084 0.570417 0.119168 0.570764 0.119252 0.571372 0.119252 0.571719 0.118916 0.572326 0.118916 0.572326 0.117152 0.572847 0.115920 0.572760 0.115220 0.572674 0.114604 0.572674 0.113988 0.571719
11 0.135856 0.571866 0.137676 0.572049 0.138600 0.572049 0.139692 0.572049 0.141148 0.571684 0.141876 0.571684 0.143332 0.570608 0.143500 0.570252 0.143136 0.569531 0.142968 0.568811 0.142044 0.568090 0.140420 0.568090 0.138600 0.568090 0.135492 0.567726 0.134232 0.567726 0.133308 0.568090 0.133140 0.569349 0.133504 0.570069 0.134036 0.571146
11 0.154224 0.566111 0.155512 0.565564 0.157864 0.565747 0.160244 0.565929 0.162960 0.566111 0.164052 0.567543 0.164052 0.569705 0.164052 0.571866 0.164248 0.573125 0.163520 0.574384 0.162428 0.575104 0.160048 0.575286 0.158956 0.574566 0.156772 0.573845 0.156240 0.572405 0.155680 0.570790 0.154952 0.569531 0.154224 0.568264
11 0.168252 0.585851 0.167188 0.584896 0.166236 0.584375 0.164724 0.583160 0.163324 0.581684 0.162008 0.580035 0.161840 0.578906 0.162624 0.577691 0.164220 0.578385 0.166404 0.579601 0.167272 0.581337 0.168168 0.582378 0.168784 0.584028 0.168952 0.585330
11 0.359632 0.577951 0.361536 0.578073 0.364168 0.577951 0.366968 0.577951 0.368480 0.577951 0.370748 0.577951 0.373408 0.577951 0.375928 0.577700 0.377832 0.577821 0.379596 0.577700 0.380100 0.577700 0.385028 0.577448 0.386400 0.577569 0.387688 0.577196 0.387940 0.575694 0.387940 0.573950 0.387408 0.573698 0.385532 0.573819 0.382732 0.574696 0.379456 0.574696 0.377048 0.575069 0.375172 0.574575 0.372764 0.573446 0.371504 0.572075 0.371112 0.570946 0.369992 0.569071 0.368228 0.568446 0.366212 0.569201 0.364812 0.570946 0.363804 0.573194 0.363160 0.574201 0.362040 0.576076 0.359884 0.576571
11 0.392980 0.578576 0.394128 0.578576 0.397404 0.578446 0.400064 0.578446 0.402836 0.578325 0.403340 0.577075 0.402836 0.575694 0.401688 0.574323 0.401324 0.572951 0.400316 0.571701 0.399420 0.570825 0.397768 0.570825 0.396004 0.571076 0.394380 0.571701 0.392364 0.572951 0.391720 0.574323 0.391720 0.576198 0.391580 0.577569
11 0.406000 0.578446 0.407764 0.578446 0.409892 0.578446 0.412440 0.578194 0.413448 0.578194 0.413700 0.576701 0.412804 0.576076 0.411432 0.574575 0.409528 0.573073 0.408380 0.572569 0.406504 0.571823 0.404992 0.570573 0.402696 0.571076 0.402332 0.572569 0.402584 0.573950 0.403592 0.574948 0.404460 0.576076 0.405104 0.576823 0.405496 0.577196
11 0.416724 0.578194 0.417732 0.578325 0.418628 0.578325 0.420504 0.578247 0.421288 0.578420 0.422632 0.578420 0.424200 0.578160 0.424816 0.578073 0.425964 0.577726 0.426132 0.576858 0.425684 0.575825 0.424900 0.574774 0.423864 0.574089 0.422352 0.573472 0.420952 0.572873 0.419104 0.572613 0.417452 0.573125 0.416304 0.573559 0.415520 0.574774 0.415688 0.575911 0.415856 0.576944
11 0.445872 0.578203 0.446852 0.578290 0.448336 0.578203 0.450100 0.578203 0.452900 0.578203 0.453684 0.578203 0.455532 0.578290 0.457632 0.578030 0.458780 0.577943 0.459816 0.577595 0.460012 0.577075 0.459816 0.576120 0.459116 0.574905 0.458416 0.573950 0.457268 0.573429 0.455700 0.572908 0.452452 0.573168 0.451416 0.573429 0.449288 0.573689 0.447356 0.574297 0.445956 0.575425 0.445620 0.576293 0.445004 0.577682
11 0.465080 0.578247 0.466200 0.577986 0.468132 0.578073 0.470064 0.577899 0.471912 0.577726 0.473676 0.577726 0.474376 0.577465 0.474796 0.576597 0.473928 0.575208 0.472780 0.573819 0.471548 0.573385 0.469280 0.572951 0.467096 0.574167 0.465864 0.574861 0.464548 0.575469 0.463764 0.576163 0.463568 0.577552
11 0.513464 0.579071 0.514696 0.578811 0.516460 0.578811 0.518980 0.578724 0.520744 0.578811 0.523460 0.578116 0.525056 0.578116 0.527492 0.578030 0.529256 0.578030 0.530572 0.578116 0.532420 0.577682 0.532336 0.576727 0.531524 0.575339 0.530404 0.574123 0.528724 0.572561 0.527492 0.572214 0.524944 0.572648 0.523292 0.572214 0.520044 0.572474 0.518644 0.573082 0.516964 0.573602 0.515844 0.574818 0.514696 0.576207 0.513548 0.577161
11 0.783356 0.579774 0.784224 0.579687 0.785708 0.579774 0.786324 0.579774 0.787388 0.579948 0.787640 0.578993 0.787808 0.578038 0.787892 0.577170 0.786688 0.576649 0.785708 0.576649 0.784140 0.577778 0.783692 0.578299
11 0.842772 0.582352 0.844452 0.582352 0.845936 0.582526 0.847952 0.582439 0.849520 0.582352 0.850584 0.582266 0.851116 0.581137 0.849184 0.579835 0.848288 0.579141 0.846972 0.578186 0.845488 0.577839 0.844004 0.579488 0.842772 0.580877 0.842072 0.581571
11 0.893144 0.581944 0.894404 0.582075 0.897064 0.582326 0.899864 0.582196 0.901740 0.580694 0.900984 0.578819 0.899080 0.578698 0.896812 0.578950 0.893424 0.579687
0 0.834904 0.557014 0.835884 0.557448 0.837620 0.557448 0.839132 0.556927 0.840364 0.555972 0.841232 0.554583 0.841148 0.552500 0.840952 0.551458 0.839916 0.550851 0.837536 0.550764 0.835800 0.551024 0.834988 0.551372 0.833952 0.553021 0.833336 0.554497 0.833784 0.555972
