0 0.117396 0.508142 0.119664 0.509019 0.122576 0.509141 0.124844 0.508637 0.126104 0.506892 0.124452 0.505139 0.121064 0.504514 0.117900 0.505139 0.117396 0.507144
0 0.823668 0.527170 0.822016 0.526545 0.820364 0.526293 0.819104 0.527795 0.819888 0.529167 0.821372 0.529913 0.823528 0.529913 0.824172 0.528290
0 0.827224 0.533620 0.824060 0.532743 0.822156 0.533741 0.822548 0.535243 0.824060 0.536363 0.824928 0.537118 0.827728 0.536615 0.828232 0.534991
0 0.839096 0.524115 0.836296 0.524618 0.834532 0.525616 0.833524 0.527370 0.836548 0.528620 0.838956 0.528116 0.840104 0.526493
0 0.839852 0.543116 0.837696 0.543116 0.835932 0.543993 0.835932 0.545113 0.837584 0.546493 0.838844 0.546120 0.839964 0.544488
0 0.832320 0.518264 0.830472 0.518116 0.829268 0.519470 0.829716 0.521563 0.831704 0.522014 0.832320 0.520217
0 0.819272 0.537457 0.818516 0.536832 0.817256 0.537205 0.817004 0.539080 0.816108 0.539201 0.816108 0.540582 0.817004 0.542075 0.818264 0.542205 0.819272 0.541701 0.820028 0.541076 0.820784 0.540825 0.821148 0.540078 0.820784 0.538950
0 0.849372 0.538793 0.847860 0.537795 0.846600 0.538290 0.846852 0.540538 0.847860 0.541667 0.849624 0.542917 0.851136 0.541163 0.851024 0.540165
0 0.864072 0.557899 0.863008 0.556997 0.860600 0.558351 0.860292 0.559844 0.861356 0.560443 0.862868 0.559696
0 0.838592 0.539149 0.839740 0.540104 0.841504 0.540278 0.842820 0.540365 0.843604 0.539670 0.843408 0.538802 0.842708 0.537760 0.842008 0.536892 0.840692 0.536806 0.839656 0.536979 0.839124 0.537934
0 0.847860 0.531345 0.847160 0.530825 0.846180 0.530911 0.845844 0.532821 0.846264 0.534384 0.847244 0.535078 0.848364 0.534731 0.848728 0.533429 0.848560 0.532127
0 0.836044 0.512951 0.835708 0.511910 0.834812 0.512517 0.834112 0.513733 0.834476 0.515990 0.835792 0.516771 0.836856 0.515556 0.836940 0.513646
0 0.855084 0.544583 0.854188 0.544236 0.853040 0.544497 0.852452 0.544757 0.852452 0.545191 0.852452 0.545017 0.851724 0.544931 0.851024 0.545104 0.851192 0.546233 0.852256 0.546319 0.852956 0.546667 0.853488 0.547622 0.853908 0.548229 0.854720 0.549010 0.856540 0.549184 0.857352 0.548663 0.857352 0.546319 0.856540 0.545191
0 0.845200 0.550252 0.844864 0.549557 0.843632 0.549557 0.842736 0.549731 0.842120 0.550512 0.842820 0.551641 0.843800 0.552248 0.845648 0.552422 0.845732 0.551120
0 0.861832 0.543594 0.860880 0.542726 0.859368 0.542899 0.857352 0.543767 0.857436 0.544722 0.858668 0.545590 0.859564 0.546024 0.859900 0.546632 0.861132 0.546372 0.861664 0.545330 0.861748 0.544983
0 0.867124 0.548681 0.865724 0.548420 0.864576 0.548767 0.864296 0.550243 0.864492 0.550851 0.865612 0.550937 0.867040 0.550677 0.867824 0.550590 0.869308 0.550590 0.869924 0.549375 0.869140 0.548594 0.867992 0.548507
6 0.740872 0.282396 0.955856 0.272986 0.959636 0.341146 0.743140 0.350477
