0 0.837036 0.548472 0.838996 0.549679 0.841264 0.549826 0.842188 0.549080 0.842328 0.547274 0.841264 0.546380 0.839136 0.545174 0.837624 0.545026 0.836868 0.546675
0 0.870048 0.540816 0.869908 0.539062 0.868144 0.538941 0.866016 0.539444 0.864868 0.540694 0.865372 0.542943 0.868396 0.543568 0.870188 0.543064
0 0.685416 0.534800 0.683316 0.533594 0.680292 0.534193 0.679508 0.536597 0.681496 0.538394 0.685136 0.537795
0 0.703924 0.538698 0.701180 0.537795 0.698464 0.538099 0.696952 0.539601 0.697400 0.542448 0.702104 0.542595 0.703924 0.540799
0 0.668140 0.541250 0.668000 0.538993 0.666628 0.538394 0.665116 0.538993 0.664500 0.541997 0.665872 0.543194 0.667384 0.542743
0 0.505936 0.567465 0.506664 0.569444 0.508848 0.569809 0.509744 0.568186 0.508848 0.566571 0.507028 0.565486
0 0.470992 0.545069 0.470376 0.542370 0.468416 0.541771 0.465084 0.541623 0.463404 0.543273 0.464636 0.547925 0.466736 0.548368 0.468864 0.547769 0.469480 0.546719
0 0.118332 0.529583 0.117548 0.528889 0.115980 0.528628 0.115196 0.529236 0.114216 0.530538 0.114216 0.531753 0.115000 0.532274 0.116148 0.532274 0.117548 0.531840 0.118164 0.530712
0 0.355044 0.542144 0.355296 0.543637 0.356416 0.544262 0.358180 0.543889 0.359076 0.542266 0.358964 0.540894 0.357200 0.540642 0.356304 0.540894
0 0.211572 0.537231 0.211460 0.538898 0.212300 0.540356 0.214512 0.540043 0.215772 0.539210 0.216192 0.537127 0.215660 0.535460 0.213560 0.535460 0.212832 0.536293
0 0.098816 0.529731 0.098928 0.531354 0.101840 0.532101 0.103492 0.531858 0.104248 0.530226 0.103492 0.528993 0.100328 0.527856 0.099460 0.528229
0 0.086048 0.527075 0.086272 0.524991 0.085516 0.524679 0.084256 0.524575 0.082884 0.524575 0.081960 0.525512 0.081204 0.528012 0.081624 0.529262 0.082688 0.530304 0.085012 0.530408 0.085852 0.528637
