0 0.433636 0.504740 0.431956 0.504045 0.429940 0.504826 0.429856 0.506910 0.432936 0.507778 0.435736 0.507344 0.435484 0.505781
0 0.390096 0.494470 0.391580 0.495512 0.394548 0.494818 0.394912 0.493429 0.394380 0.492387 0.392532 0.491866 0.391412 0.492387 0.390712 0.493168
0 0.407596 0.514575 0.405496 0.514922 0.403480 0.516311 0.404096 0.518568 0.407344 0.518307 0.409080 0.516832 0.408744 0.515182
0 0.444976 0.469470 0.445844 0.474002 0.447384 0.477031 0.450660 0.476597 0.450436 0.471415 0.450436 0.468819 0.448700 0.467960 0.446740 0.468177
0 0.398300 0.464852 0.398916 0.466727 0.401044 0.467561 0.403340 0.466207 0.403872 0.464540 0.402612 0.463186 0.400820 0.462873 0.398496 0.463186
0 0.197344 0.463863 0.198044 0.460477 0.196028 0.459262 0.194544 0.459783 0.193480 0.462474 0.195076 0.465512 0.196308 0.465252
0 0.319956 0.495321 0.320880 0.495764 0.322392 0.495616 0.323596 0.494566 0.323456 0.493220 0.321776 0.492917 0.319648 0.494132
0 0.360780 0.563932 0.360248 0.566224 0.362572 0.567682 0.363720 0.567370 0.364028 0.565391 0.362572 0.563932
0 0.786184 0.479349 0.786604 0.476311 0.785820 0.473012 0.784252 0.470321 0.782236 0.468932 0.779604 0.468932 0.777392 0.469540 0.772240 0.472144 0.771092 0.472925 0.769496 0.474661 0.769496 0.477352 0.770308 0.479870 0.771176 0.481085 0.773024 0.481953 0.775572 0.482734 0.779324 0.482908 0.782572 0.482734 0.786604 0.481085
0 0.273812 0.501667 0.271404 0.500920 0.270536 0.502917 0.270536 0.504792 0.273448 0.505920 0.275324 0.505417 0.275212 0.503168 0.274960 0.502665
0 0.231812 0.510043 0.232568 0.506667 0.230300 0.506293 0.227276 0.506788 0.226016 0.508915 0.225764 0.511788 0.229292 0.512917 0.230804 0.512170
