0 0.825852 0.582804 0.824312 0.582682 0.822940 0.583550 0.822688 0.585052 0.823556 0.585425 0.825068 0.585182 0.825600 0.583932
0 0.831788 0.585720 0.832992 0.582726 0.833300 0.580773 0.831788 0.579722 0.830276 0.580321 0.828596 0.582569 0.828596 0.585269 0.829800 0.586024
0 0.806140 0.575790 0.806644 0.573663 0.804880 0.572543 0.804264 0.572040 0.802472 0.572665 0.802108 0.574670 0.802864 0.576163 0.804628 0.576163
0 0.811040 0.575278 0.815408 0.573411 0.814484 0.571962 0.812636 0.572483 0.810704 0.573698
0 0.826664 0.573976 0.823864 0.573038 0.821008 0.574288 0.821008 0.576467 0.824144 0.577083 0.826664 0.575530
0 0.805076 0.567127 0.808352 0.565399 0.808548 0.563238 0.806588 0.562804 0.804628 0.563880 0.803984 0.565399
0 0.815268 0.566406 0.812860 0.566623 0.811544 0.567491 0.811768 0.569219 0.814596 0.569436 0.816136 0.568785 0.817004 0.567274
0 0.818964 0.570087 0.817004 0.570946 0.816136 0.572674 0.815688 0.574835 0.817452 0.576128 0.819832 0.574184 0.819832 0.572674
0 0.820476 0.568021 0.821008 0.569826 0.823920 0.569462 0.825376 0.567127 0.823024 0.565686 0.821204 0.566224
0 0.909572 0.580443 0.911532 0.577891 0.910776 0.576094 0.908816 0.574896 0.905932 0.575339 0.905624 0.578194 0.907304 0.580295
0 0.710660 0.533177 0.714832 0.532274 0.715364 0.529219 0.714468 0.527057 0.710996 0.527057 0.708644 0.527778 0.707916 0.530477 0.708280 0.531198
0 0.394932 0.606337 0.395548 0.608941 0.398628 0.608941 0.400616 0.606545 0.400308 0.603733 0.398712 0.603003 0.397256 0.603420 0.395772 0.604462
