12 0.194384 0.543490 0.198248 0.544184 0.204912 0.544097 0.209112 0.543837 0.208244 0.541233 0.204296 0.540365 0.197464 0.540538 0.193936 0.541667
1 0.368768 0.557726 0.373332 0.557031 0.378960 0.556684 0.379660 0.555122 0.375264 0.554253 0.371232 0.554688 0.369048 0.555208
1 0.620628 0.539931 0.625528 0.539583 0.632444 0.539149 0.635076 0.536892 0.634460 0.534462 0.630540 0.533247 0.625528 0.533594 0.622112 0.535156 0.621048 0.537587
1 0.670524 0.539931 0.666996 0.540052 0.665456 0.541806 0.666464 0.544679 0.670020 0.544931 0.670524 0.543056 0.670524 0.541181
1 0.653332 0.531389 0.660696 0.530000 0.664728 0.526181 0.664728 0.524097 0.660780 0.523750 0.657700 0.526441 0.654368 0.527222 0.652548 0.528958
1 0.679064 0.537622 0.680380 0.538142 0.682760 0.537535 0.684692 0.535799 0.683992 0.533368 0.681976 0.531979 0.680044 0.533281 0.679064 0.535191
1 0.666576 0.530642 0.663860 0.530208 0.662292 0.531076 0.661060 0.532639 0.661592 0.534549 0.663328 0.534809 0.666240 0.533941 0.667444 0.532639
1 0.656804 0.532934 0.650588 0.533837 0.647732 0.536085 0.646360 0.539983 0.652408 0.540590 0.654396 0.540286 0.657420 0.537135 0.657420 0.535191
1 0.656580 0.546918 0.659352 0.550165 0.660388 0.551545 0.664532 0.552665 0.665176 0.548290 0.663916 0.544167 0.659128 0.543663
1 0.670916 0.528056 0.674780 0.525104 0.675144 0.522674 0.673828 0.522934 0.670580 0.524410 0.669964 0.526319 0.669684 0.527361
