0 0.719288 0.547917 0.717020 0.547292 0.716124 0.547795 0.715872 0.549670 0.716880 0.551042 0.718140 0.551415 0.719904 0.549913
0 0.340728 0.551788 0.343556 0.555026 0.346608 0.556536 0.348148 0.555460 0.349240 0.552865 0.348148 0.549844 0.345964 0.547465 0.342912 0.546823 0.340084 0.548333
0 0.442452 0.534505 0.443964 0.537535 0.445924 0.538611 0.447240 0.538611 0.449648 0.537101 0.449648 0.534080 0.447688 0.532344 0.444412 0.531918
0 0.314268 0.531380 0.317908 0.527595 0.316452 0.526155 0.313176 0.525434 0.309172 0.526519 0.307716 0.527595 0.307716 0.531554 0.310628 0.532995
0 0.271820 0.512552 0.271960 0.509705 0.270588 0.509253 0.268488 0.509705 0.268180 0.511502 0.268936 0.512856
0 0.202772 0.514410 0.202520 0.516484 0.204592 0.518559 0.208260 0.518038 0.208764 0.515712 0.208512 0.513898
0 0.583908 0.540503 0.587044 0.540503 0.588304 0.538637 0.588304 0.537708 0.586400 0.536467 0.584524 0.536467 0.583572 0.536467 0.582648 0.537708 0.582648 0.538637
0 0.600764 0.511780 0.601716 0.513950 0.603312 0.514123 0.604180 0.513168 0.604348 0.511259 0.603116 0.510477 0.601380 0.510217
0 0.551876 0.532708 0.550812 0.534375 0.551876 0.536042 0.554620 0.536458 0.556496 0.535208 0.557448 0.533333 0.555040 0.531875
0 0.717160 0.544826 0.719792 0.542951 0.721164 0.540825 0.721304 0.539332 0.719932 0.538455 0.717776 0.539453 0.715732 0.540955 0.715480 0.542457 0.715620 0.543950
