0 0.047136 0.499688 0.046688 0.503533 0.048284 0.504444 0.050328 0.505122 0.053996 0.503082 0.053296 0.499236 0.049880 0.498099
0 0.068388 0.514922 0.066820 0.514922 0.065868 0.515712 0.064748 0.517283 0.064580 0.520582 0.066484 0.521215 0.068724 0.519644 0.068864 0.517127
0 0.172800 0.521997 0.170896 0.521215 0.168824 0.521840 0.168040 0.524045 0.168040 0.525929 0.168656 0.527656 0.171204 0.527813 0.173416 0.526719 0.174228 0.525304 0.174368 0.523255
0 0.189852 0.512674 0.187472 0.511753 0.186156 0.512674 0.185764 0.514245 0.186688 0.515686 0.188144 0.515946 0.189460 0.515156
0 0.180192 0.502708 0.177000 0.502708 0.175824 0.504809 0.176608 0.506510 0.179660 0.506901 0.180584 0.504549
0 0.190916 0.531016 0.188284 0.531276 0.186800 0.532587 0.186156 0.535469 0.189740 0.536780 0.191700 0.535599 0.192092 0.533507
0 0.231796 0.556276 0.233112 0.552474 0.232188 0.552083 0.229948 0.552083 0.228744 0.554575 0.228744 0.557457 0.230872 0.558108
0 0.650032 0.519575 0.650032 0.517057 0.647820 0.516120 0.645132 0.518003 0.644152 0.521146 0.647652 0.521146
0 0.726444 0.521302 0.724876 0.519887 0.721068 0.520521 0.720452 0.522561 0.721068 0.525078 0.723112 0.525712 0.725520 0.524922
7 0.546936 0.253299 0.874340 0.256589 0.874032 0.341814 0.546208 0.339948
