1 0.362852 0.578264 0.369040 0.573047 0.373240 0.571788 0.376516 0.568906 0.372148 0.568003 0.366324 0.570165 0.362124 0.572865
11 0.125048 0.482734 0.174468 0.484887 0.208152 0.484349 0.248864 0.484349 0.271152 0.477899 0.247800 0.471988 0.196728 0.469297 0.157080 0.466076 0.124488 0.464462 0.105476 0.462847 0.107128 0.476285
1 0.319732 0.528299 0.327180 0.530642 0.332108 0.531719 0.334628 0.531719 0.334824 0.526858 0.332108 0.524696 0.324072 0.523976 0.319004 0.523976
1 0.343364 0.523082 0.345548 0.525061 0.349580 0.523438 0.349580 0.520382 0.345912 0.520382
1 0.248864 0.525252 0.262444 0.527405 0.269528 0.527405 0.270592 0.523637 0.253764 0.522561
1 0.323680 0.561875 0.322532 0.560208 0.321468 0.559896 0.319592 0.559896 0.318528 0.561146 0.318836 0.563438 0.319592 0.564479 0.321580 0.564688 0.322112 0.563958
1 0.330204 0.559314 0.327348 0.559523 0.325892 0.561398 0.325668 0.563064 0.327460 0.564002 0.331464 0.563273 0.332836 0.560668
1 0.341684 0.555356 0.337876 0.554418 0.335356 0.555148 0.334824 0.557752 0.338716 0.559418 0.340928 0.560148 0.342944 0.558585 0.341768 0.556189
1 0.216720 0.580859 0.216720 0.578698 0.213640 0.577977 0.211988 0.578698 0.212548 0.580859 0.214172 0.580859
1 0.121492 0.531832 0.129304 0.532908 0.132580 0.532188 0.132048 0.530026 0.125860 0.528047 0.120764 0.528229
1 0.012684 0.514818 0.010864 0.517517 0.013412 0.519861 0.014868 0.520399 0.019040 0.517873 0.022148 0.514818 0.021952 0.513377 0.020328 0.511580 0.015960 0.509774 0.013048 0.509418 0.011760 0.510677
1 0.269360 0.586571 0.272832 0.587405 0.277144 0.586675 0.278628 0.584800 0.275688 0.583655 0.272636 0.583759 0.269892 0.584592
1 0.283472 0.547188 0.291032 0.547691 0.293188 0.546319 0.294196 0.544063 0.292936 0.542569 0.289016 0.542439 0.285992 0.542943 0.284228 0.544314
1 0.144788 0.528359 0.148568 0.530764 0.152936 0.530764 0.155092 0.529262 0.153552 0.525964 0.149016 0.525660
1 0.348432 0.569210 0.347508 0.568307 0.347368 0.566354 0.345856 0.565026 0.346444 0.564410 0.349944 0.563958 0.353136 0.563507 0.352520 0.560208 0.347060 0.561102 0.344176 0.563811 0.342972 0.567405 0.344036 0.569809
1 0.387072 0.553325 0.387828 0.550026 0.386596 0.549418 0.384944 0.550469 0.385252 0.552569
1 0.337764 0.547274 0.339024 0.544670 0.337540 0.543941 0.335216 0.544566 0.334488 0.546128 0.334908 0.548316
0 0.267456 0.504418 0.270592 0.504288 0.270984 0.502917 0.270228 0.501667 0.269724 0.501293 0.267708 0.500668 0.265944 0.501042 0.265552 0.503290 0.265440 0.504167
11 0.381220 0.495052 0.402500 0.495946 0.421064 0.493707 0.421932 0.489236 0.397992 0.484722 0.379848 0.482517 0.375340 0.485651
1 0.350112 0.541667 0.359044 0.541042 0.364952 0.540313 0.368536 0.539375 0.359268 0.538333 0.352324 0.538750
1 0.298872 0.517109 0.303576 0.518915 0.313292 0.520113 0.318136 0.519661 0.315868 0.516363 0.306320 0.514262 0.301616 0.513212
1 0.212352 0.564115 0.220836 0.561319 0.229628 0.561007 0.233408 0.557891 0.234360 0.556337 0.229320 0.554783 0.222404 0.555408 0.218624 0.556962 0.211708 0.559453
1 0.369012 0.563273 0.374276 0.562370 0.374836 0.561649 0.373184 0.561111 0.369376 0.561476
1 0.307328 0.550217 0.309288 0.547665 0.309904 0.546319 0.306712 0.545113 0.304724 0.546016 0.304276 0.547813
1 0.334460 0.517187 0.335692 0.518056 0.336308 0.518403 0.337820 0.518142 0.337988 0.517535 0.338072 0.516406 0.336672 0.515972 0.336672 0.514670 0.335356 0.514931 0.334740 0.515972
