0 0.034840 0.495113 0.035064 0.499644 0.038256 0.501675 0.043996 0.503941 0.046488 0.503038 0.047188 0.499418 0.044892 0.496467 0.043072 0.495339
11 0.412616 0.482222 0.426756 0.489062 0.439328 0.490304 0.460692 0.488437 0.470744 0.485017 0.485220 0.483151 0.489616 0.476623 0.473600 0.475686 0.437452 0.475061 0.417936 0.476927
1 0.172796 0.539757 0.183464 0.536962 0.191640 0.532917 0.185368 0.530738 0.175288 0.532604 0.167756 0.535720
1 0.244728 0.531858 0.250076 0.532795 0.258252 0.531545 0.261696 0.531241 0.252260 0.527196 0.245372 0.526571 0.241284 0.527196
1 0.289360 0.522839 0.292496 0.528125 0.297228 0.530304 0.305712 0.527196 0.309492 0.520356 0.300980 0.519106
1 0.869240 0.534497 0.877108 0.538125 0.883912 0.537613 0.887860 0.533724 0.887328 0.529314 0.882624 0.526467 0.877612 0.524132 0.875008 0.523872 0.875288 0.527240 0.878956 0.529314 0.880244 0.531910 0.877388 0.533203 0.872908 0.532682 0.871872 0.532431
0 0.844096 0.591918 0.845776 0.589219 0.843928 0.587266 0.840764 0.587413 0.839252 0.589219 0.840148 0.591918 0.841380 0.592665
0 0.211856 0.483021 0.215496 0.481215 0.216112 0.479418 0.212752 0.478663 0.209896 0.478368 0.208524 0.479714 0.208832 0.481814 0.208972 0.482865
0 0.185032 0.505486 0.185480 0.503238 0.184864 0.501285 0.183044 0.500990 0.182288 0.503533
0 0.139000 0.507405 0.142780 0.503958 0.142164 0.502309 0.137936 0.502153 0.135500 0.504106 0.134912 0.506953 0.135052 0.508160
0 0.589884 0.521415 0.592936 0.519045 0.591872 0.516884 0.588120 0.515590 0.585740 0.518177 0.587700 0.521632
0 0.551664 0.549280 0.556032 0.549063 0.556452 0.547118 0.556032 0.544097 0.551020 0.543238 0.549256 0.544748 0.548836 0.548203
0 0.554548 0.562153 0.557404 0.564748 0.561548 0.565399 0.562640 0.565399 0.563088 0.562804 0.561128 0.560642 0.559364 0.558915 0.556088 0.558698
