0 0.064636 0.627257 0.064636 0.626823 0.065084 0.626389 0.065448 0.625955 0.066064 0.625781 0.066680 0.625694 0.067184 0.625608 0.067632 0.625694 0.067800 0.626389 0.067800 0.627083 0.067884 0.627865 0.067716 0.628472 0.067184 0.628906 0.066848 0.629080 0.066064 0.629080 0.065168 0.628906 0.064636 0.628559 0.064468 0.627865
0 0.325092 0.577431 0.324112 0.576736 0.323776 0.576042 0.323608 0.574826 0.323608 0.574306 0.324308 0.574219 0.325176 0.574045 0.325540 0.573958 0.325960 0.573958 0.326492 0.573958 0.327192 0.574392 0.327556 0.575174 0.327640 0.576128 0.327556 0.576910 0.326660 0.577257 0.326408 0.577344 0.325540 0.577691 0.325540 0.577691
0 0.292808 0.604688 0.293340 0.603993 0.293872 0.603646 0.294572 0.603299 0.294908 0.603212 0.295524 0.603212 0.296140 0.603299 0.296504 0.603472 0.297008 0.603906 0.297904 0.604427 0.298520 0.605035 0.299136 0.605556 0.299724 0.606076 0.299724 0.606684 0.299724 0.606944 0.299472 0.607292 0.299024 0.607552 0.298520 0.607552 0.297988 0.607552 0.297624 0.607639 0.297092 0.607899 0.296924 0.608073 0.296140 0.608247 0.295188 0.608073 0.294656 0.607899 0.293872 0.607552 0.293340 0.607118 0.293256 0.606510 0.293256 0.605816 0.293256 0.605122 0.293060 0.604774
0 0.187444 0.608594 0.187444 0.608333 0.187556 0.607465 0.187724 0.606858 0.188340 0.606076 0.188872 0.605729 0.189740 0.605295 0.190440 0.604861 0.191056 0.604514 0.191672 0.604427 0.192288 0.604253 0.193156 0.604167 0.193772 0.604253 0.195256 0.604948 0.195956 0.605469 0.196404 0.606250 0.196852 0.607205 0.196852 0.608333 0.196656 0.609462 0.196488 0.610156 0.195536 0.611545 0.194724 0.612326 0.193520 0.612500 0.192820 0.612500 0.191924 0.612413 0.190692 0.612066 0.189292 0.611545 0.188508 0.610590 0.188256 0.610069 0.187808 0.609288 0.187724 0.609201
0 0.187724 0.617457 0.188004 0.616936 0.188592 0.616328 0.188956 0.615634 0.189124 0.615547 0.189656 0.615373 0.189824 0.615373 0.190272 0.615460 0.191056 0.615981 0.191504 0.616241 0.192120 0.616502 0.192820 0.617109 0.193352 0.617977 0.193156 0.619106 0.192456 0.619714 0.191840 0.620234 0.191140 0.620408 0.190804 0.620408 0.190188 0.620408 0.189656 0.620408 0.189208 0.620408 0.188508 0.620321 0.188172 0.620234 0.187892 0.619627 0.187892 0.619106 0.187640 0.618759 0.187640 0.617804
0 0.179044 0.611814 0.179044 0.611120 0.179044 0.610512 0.179212 0.609818 0.179576 0.609210 0.179828 0.608776 0.180276 0.608168 0.180892 0.607821 0.181592 0.607474 0.182628 0.607214 0.182992 0.607127 0.183440 0.607127 0.183860 0.607474 0.184308 0.607821 0.184756 0.608429 0.185176 0.609210 0.185456 0.610165 0.185540 0.611207 0.185260 0.612161 0.184924 0.612943 0.184224 0.613464 0.183244 0.613811 0.182460 0.613984 0.181760 0.614071 0.180724 0.613811 0.180108 0.613637 0.179492 0.613290 0.179408 0.612769
0 0.190272 0.632031 0.189460 0.631424 0.188144 0.630642 0.187640 0.629601 0.187360 0.627604 0.187444 0.627170 0.187808 0.626997 0.189208 0.627517 0.189992 0.628299 0.191056 0.628819 0.191924 0.629167 0.193324 0.629427 0.193688 0.629861 0.193688 0.630903 0.192988 0.631337 0.192372 0.631597 0.191672 0.631684 0.191140 0.631771 0.190692 0.631858
0 0.160088 0.604340 0.160704 0.603212 0.161404 0.602344 0.162188 0.601910 0.162888 0.601823 0.164120 0.602170 0.164820 0.603038 0.165688 0.604080 0.166220 0.604688 0.166584 0.605382 0.167116 0.606163 0.167200 0.606944 0.167004 0.608073 0.166500 0.608767 0.165968 0.609028 0.165184 0.609115 0.164372 0.609201 0.163504 0.609201 0.162720 0.609115 0.162188 0.608941 0.161152 0.608594 0.160704 0.608073 0.160340 0.607118 0.160256 0.606337 0.160088 0.605469 0.160088 0.604861
0 0.177504 0.594783 0.176440 0.594175 0.176272 0.593655 0.176272 0.592960 0.176356 0.592439 0.176720 0.592005 0.177336 0.591571 0.177952 0.591484 0.178372 0.591398 0.179352 0.591398 0.180136 0.591484 0.180584 0.591918 0.180752 0.592613 0.180668 0.593568 0.180052 0.594262 0.179352 0.594609 0.178736 0.594783
0 0.130996 0.605590 0.131444 0.605069 0.131696 0.604722 0.132060 0.604028 0.132592 0.603420 0.132928 0.602899 0.133796 0.602552 0.134328 0.602465 0.134860 0.602378 0.135644 0.602292 0.136540 0.602205 0.137408 0.602465 0.138360 0.602899 0.139060 0.603681 0.139256 0.604635 0.138640 0.605330 0.137128 0.605590 0.136176 0.605938 0.134944 0.606458 0.134328 0.607240 0.133628 0.608194 0.132844 0.608628 0.132144 0.608542 0.131276 0.608281 0.130828 0.608021 0.130828 0.607413 0.130828 0.606719 0.130912 0.606285
0 0.167396 0.602344 0.168908 0.604219 0.170924 0.605842 0.172184 0.606719 0.174844 0.606719 0.176608 0.605964 0.178120 0.603845 0.179660 0.601467 0.178120 0.599592 0.176748 0.598220 0.173976 0.598594 0.171064 0.599714
0 0.153312 0.604523 0.152696 0.600790 0.152360 0.598924 0.151128 0.598299 0.150176 0.600165 0.150176 0.603585 0.151744 0.605764
0 0.680328 0.622075 0.682652 0.625095 0.685172 0.625304 0.687384 0.624366 0.687076 0.622804 0.686656 0.621241 0.684444 0.620825 0.682120 0.620408
0 0.528148 0.633056 0.528764 0.631927 0.528932 0.630625 0.528064 0.630191 0.526748 0.630451 0.526496 0.631840 0.526832 0.633056 0.527280 0.633403
0 0.897832 0.576345 0.900128 0.575842 0.900380 0.574470 0.899484 0.573342 0.897972 0.572839 0.896712 0.573715 0.896460 0.575590 0.896460 0.576970
