0 0.927664 0.470981 0.928980 0.469905 0.930296 0.468819 0.930940 0.467743 0.932480 0.466658 0.933124 0.465799 0.934636 0.465582 0.935952 0.466875 0.937268 0.469688 0.938808 0.472066 0.939452 0.474653 0.939228 0.476814 0.937940 0.477674 0.935952 0.476814 0.933572 0.475738 0.930520 0.476163 0.928980 0.476163 0.927664 0.475521 0.926572 0.473793 0.927020 0.472491
0 0.904732 0.464071 0.904732 0.463637 0.905824 0.461910 0.906468 0.461476 0.907336 0.461259 0.908232 0.460833 0.909296 0.460833 0.909744 0.460833 0.910192 0.461910 0.910192 0.462986 0.910416 0.464288 0.912152 0.465799 0.912600 0.467092 0.912600 0.468177 0.911928 0.468602 0.910416 0.468385 0.909296 0.468385 0.908428 0.468385 0.906692 0.467743 0.906048 0.467526 0.905180 0.466450 0.904956 0.465365 0.904956 0.464288
0 0.906916 0.477682 0.907784 0.477031 0.908876 0.476814 0.911284 0.476814 0.912376 0.477248 0.912376 0.478976 0.912376 0.480920 0.911928 0.482431 0.910612 0.483724 0.910192 0.484158 0.909100 0.484375 0.907560 0.483941 0.906468 0.483507 0.905180 0.483290 0.904956 0.480920 0.904956 0.479835 0.906244 0.478759
0 0.937044 0.490851 0.937688 0.489991 0.939200 0.489774 0.940320 0.489557 0.941384 0.489991 0.941832 0.490851 0.942056 0.492578 0.942504 0.493880 0.942056 0.495391 0.940516 0.496467 0.939004 0.495608 0.937688 0.495608 0.935952 0.497769 0.935280 0.497552 0.934860 0.496901 0.934636 0.495608 0.934636 0.494523 0.935084 0.493229 0.935504 0.492153 0.936148 0.491719
0 0.917836 0.545503 0.917836 0.544852 0.918256 0.543125 0.918256 0.542049 0.917164 0.541615 0.916716 0.539236 0.916716 0.537509 0.916716 0.536649 0.916716 0.535998 0.918032 0.535998 0.919572 0.536432 0.920664 0.537292 0.921980 0.538160 0.922848 0.539453 0.923940 0.540104 0.924808 0.541615 0.924808 0.543342 0.924136 0.544635 0.923268 0.544852 0.921308 0.545286 0.919796 0.545286 0.918032 0.545720 0.916296 0.545937
0 0.905600 0.548307 0.906048 0.547014 0.907336 0.545503 0.908008 0.543993 0.910416 0.543342 0.912600 0.543776 0.912796 0.544852 0.913020 0.546797 0.913020 0.548524 0.912600 0.549609 0.911480 0.549818 0.910612 0.549818 0.908232 0.550469 0.907336 0.550469 0.906916 0.549392 0.905824 0.548307
0 0.922624 0.552413 0.924136 0.550903 0.925676 0.549609 0.926124 0.548307 0.926544 0.547448 0.926992 0.546580 0.928084 0.545286 0.929400 0.544852 0.931360 0.545503 0.932676 0.546363 0.934412 0.547231 0.934636 0.549175 0.934188 0.550686 0.934860 0.551762 0.935084 0.553707 0.933096 0.554575 0.932004 0.553490 0.930688 0.552630 0.929624 0.552630 0.928952 0.552847 0.926992 0.553924 0.925900 0.554358 0.924808 0.553924 0.923268 0.553490 0.922400 0.552630
0 0.919656 0.481936 0.920692 0.479245 0.920356 0.477682 0.918340 0.476988 0.917108 0.477595 0.916044 0.479245 0.915876 0.481675 0.917556 0.483064
0 0.916828 0.467882 0.920300 0.468932 0.921056 0.468333 0.921364 0.467283 0.920916 0.466684 0.919712 0.466233 0.918340 0.465929 0.917136 0.465929 0.916212 0.466233
0 0.911564 0.461510 0.914616 0.461615 0.916632 0.460156 0.917136 0.458906 0.915148 0.457240 0.911144 0.456927 0.909772 0.457969 0.909044 0.459010 0.909268 0.459948 0.910948 0.460990
