1 0.720008 0.502431 0.721996 0.504818 0.728324 0.505191 0.732216 0.504566 0.752096 0.503733 0.741232 0.497309 0.731600 0.495816 0.726140 0.496936 0.721716 0.499818
1 0.706764 0.494097 0.708780 0.488194 0.712532 0.482118 0.720540 0.477691 0.729304 0.479167 0.737452 0.480903 0.746664 0.471181 0.744480 0.481337 0.756408 0.477865 0.741064 0.487847 0.726644 0.492943 0.721240 0.496441 0.716564 0.496936 0.710516 0.497049
1 0.690020 0.481693 0.692568 0.481311 0.694192 0.479063 0.692064 0.477561 0.690020 0.477439 0.688760 0.478064 0.688648 0.479688
1 0.694836 0.477066 0.697608 0.476441 0.699120 0.474193 0.697720 0.471936 0.694948 0.471936 0.692680 0.472943 0.693296 0.475937
1 0.698364 0.468941 0.696852 0.466693 0.698224 0.464436 0.700912 0.464063 0.704300 0.464314 0.704916 0.465312 0.704048 0.467691 0.702144 0.469062 0.700268 0.469688
1 0.695844 0.460061 0.698224 0.457943 0.698644 0.456563 0.696236 0.454314 0.693548 0.455564 0.693072 0.457439 0.694080 0.459193
1 0.679100 0.483906 0.682628 0.482526 0.684140 0.477656 0.682264 0.476528 0.678596 0.476649 0.676580 0.477526 0.676440 0.481406
1 0.725776 0.452083 0.727288 0.451858 0.731292 0.451545 0.732972 0.451649 0.733084 0.450608 0.731292 0.449045 0.729276 0.449045 0.726336 0.450503
1 0.688844 0.487240 0.682292 0.489583 0.682824 0.494800 0.686100 0.494262 0.689180 0.490842
1 0.682964 0.473073 0.683580 0.475156 0.686296 0.475851 0.688480 0.474809 0.688396 0.472552 0.686716 0.470903 0.684364 0.471337
1 0.688844 0.470556 0.691812 0.469948 0.692176 0.467517 0.690580 0.466910 0.688928 0.466910 0.688228 0.469167
1 0.694724 0.450677 0.697160 0.449549 0.695508 0.447205 0.692876 0.447031 0.692680 0.449462
1 0.700296 0.447578 0.703124 0.447578 0.705056 0.446276 0.705644 0.444366 0.704608 0.442457 0.702844 0.441589 0.699876 0.441415 0.698560 0.441936 0.697860 0.444453 0.698728 0.446710
1 0.741064 0.468142 0.743500 0.467448 0.745516 0.466406 0.745012 0.463368 0.741568 0.463108 0.739440 0.465330 0.739944 0.467326
1 0.719112 0.521007 0.730088 0.517014 0.736836 0.509549 0.725440 0.511719 0.715556 0.509193 0.710992 0.510443 0.708864 0.513568 0.711216 0.519010
