1 0.170652 0.482491 0.172836 0.483750 0.175188 0.485191 0.177764 0.484288 0.177764 0.482847 0.175748 0.481771 0.173396 0.480868 0.171576 0.480330
1 0.159536 0.477378 0.160992 0.479175 0.163344 0.480616 0.165892 0.480078 0.166060 0.477917 0.164996 0.476293 0.164800 0.474497 0.162448 0.473594 0.158808 0.474679
0 0.093932 0.539340 0.095752 0.538247 0.095752 0.535885 0.094380 0.533880 0.092084 0.533516 0.089872 0.534245 0.088780 0.535790 0.088584 0.537431 0.089984 0.538247 0.091720 0.540069
0 0.669808 0.609392 0.672496 0.609549 0.674260 0.608446 0.675044 0.606406 0.673616 0.604679 0.671236 0.603889 0.669164 0.604835 0.667092 0.607187 0.667596 0.608924
0 0.328544 0.597474 0.330000 0.598559 0.333864 0.598524 0.335264 0.595920 0.334116 0.593924 0.331064 0.593142 0.328516 0.592708 0.328236 0.594965
0 0.546524 0.550095 0.547056 0.548620 0.546860 0.547491 0.546440 0.547144 0.545544 0.547057 0.544928 0.547839 0.544228 0.549054 0.544312 0.549922 0.544760 0.551050 0.545740 0.551137 0.546076 0.550616
0 0.653372 0.501155 0.654660 0.499905 0.654324 0.497509 0.653064 0.495634 0.651608 0.495425 0.650012 0.496571 0.649172 0.498967 0.649396 0.501050 0.650768 0.501884 0.652028 0.501675
0 0.500156 0.534852 0.501416 0.532977 0.500884 0.530477 0.499400 0.529757 0.496880 0.530165 0.496152 0.532569 0.496992 0.534132 0.497944 0.534644
0 0.417444 0.535243 0.419040 0.535417 0.419740 0.535677 0.420188 0.535937 0.420608 0.535156 0.420692 0.534549 0.419992 0.534028 0.418760 0.533854 0.417444 0.533594 0.416856 0.533941 0.416576 0.534722
0 0.921052 0.499688 0.922452 0.497257 0.921584 0.495000 0.920352 0.494045 0.918168 0.493958 0.915368 0.495347 0.913352 0.497951 0.912288 0.500382 0.914472 0.501424 0.917804 0.500556
