1 0.264508 0.521849 0.265404 0.519349 0.268820 0.519349 0.268568 0.522101 0.266048 0.524479 0.258964 0.524852 0.256808 0.523351 0.258460 0.520477 0.260588 0.520226 0.261736 0.521849
1 0.126972 0.575877 0.127980 0.578750 0.130892 0.578498 0.130780 0.575000 0.128764 0.574627
1 0.238748 0.525356 0.240372 0.522856 0.243032 0.521102 0.246084 0.521102 0.246448 0.522231 0.243788 0.524974 0.240764 0.526727
1 0.579032 0.587674 0.579704 0.590486 0.582756 0.591137 0.584940 0.591997 0.586004 0.590269 0.584940 0.587891 0.581440 0.587031
0 0.958488 0.504167 0.953952 0.504766 0.949836 0.507917 0.950004 0.514366 0.954092 0.517969 0.959552 0.517813 0.962576 0.515868 0.965600 0.518420 0.969996 0.519766 0.971368 0.516467 0.969688 0.514366 0.965768 0.515113 0.963948 0.513464 0.963640 0.509418 0.961960 0.506267
0 0.914556 0.515885 0.911756 0.517622 0.911224 0.522396 0.914556 0.525000 0.917972 0.523958 0.920604 0.521701 0.921136 0.519618 0.919036 0.517101
1 0.881768 0.555816 0.881320 0.558507 0.883336 0.560417 0.885968 0.561111 0.887368 0.560069 0.887816 0.558420 0.885884 0.557639 0.884120 0.556510
1 0.769180 0.565365 0.766884 0.567170 0.768704 0.570469 0.773100 0.570165 0.776432 0.567917 0.780688 0.565521 0.784328 0.563715 0.786736 0.561771 0.785084 0.559063 0.783880 0.561319 0.781444 0.560113 0.779484 0.560720 0.779008 0.562370 0.777496 0.561615 0.774920 0.563116 0.772204 0.564618
1 0.692964 0.575043 0.693860 0.578168 0.696884 0.579418 0.698396 0.577917 0.700916 0.576788 0.698788 0.575043 0.695736 0.573038 0.694868 0.574540
1 0.417556 0.577587 0.420272 0.580460 0.424080 0.582266 0.428084 0.581363 0.427720 0.579201 0.424808 0.577587 0.421000 0.576684
0 0.274700 0.560417 0.271060 0.560564 0.270304 0.563568 0.273636 0.566866 0.277136 0.566267 0.277752 0.563863 0.276996 0.561016
1 0.291696 0.518863 0.293348 0.522769 0.296372 0.525165 0.298668 0.523064 0.298668 0.520668 0.298500 0.517066 0.295028 0.518264
