0 0.481388 0.512995 0.482704 0.514210 0.485672 0.513689 0.486372 0.512387 0.484720 0.511172 0.481892 0.511259
6 0.059904 0.326562 0.057804 0.254592 0.282896 0.251128 0.284128 0.320530
0 0.486876 0.508247 0.488864 0.503385 0.487240 0.500503 0.483768 0.501406 0.480128 0.504288 0.482872 0.506806
0 0.495416 0.509705 0.497236 0.510964 0.499224 0.511146 0.500148 0.508446 0.498132 0.507726 0.496872 0.507726
0 0.517200 0.525747 0.520196 0.527135 0.520980 0.524878 0.522632 0.524878 0.522716 0.526788 0.522212 0.528872 0.525096 0.530087 0.526860 0.527656 0.525964 0.525312 0.524396 0.523142 0.522632 0.522274 0.521232 0.521059 0.518768 0.520885 0.518068 0.522969 0.517732 0.523663
0 0.528792 0.525226 0.529212 0.524010 0.529212 0.522969 0.531228 0.520885 0.530528 0.518542 0.528092 0.519149 0.526664 0.520104 0.525628 0.521667 0.525628 0.523663 0.527112 0.524531
0 0.539908 0.508672 0.543380 0.509714 0.545200 0.510616 0.546264 0.507318 0.545200 0.506719 0.546880 0.504019 0.547328 0.501172 0.543996 0.501615 0.543240 0.504618 0.540972 0.506120
0 0.558332 0.526389 0.559284 0.528325 0.561020 0.529540 0.562168 0.527109 0.562000 0.526068 0.559872 0.525373
0 0.559284 0.523203 0.559200 0.520946 0.560516 0.519557 0.561832 0.520686 0.562420 0.522335 0.561020 0.523464
0 0.547916 0.544549 0.551864 0.543194 0.549876 0.539896 0.547468 0.540946 0.547916 0.542448
0 0.626792 0.551927 0.626652 0.548550 0.629704 0.548429 0.630320 0.551675 0.628052 0.552674
0 0.622984 0.538715 0.623236 0.537587 0.621976 0.536424 0.620464 0.538299 0.621724 0.539549
0 0.640820 0.509852 0.644740 0.511606 0.648268 0.512101 0.650424 0.512231 0.649276 0.510104 0.647260 0.508854 0.645748 0.508099 0.643872 0.506354 0.641324 0.507726
0 0.567880 0.513437 0.564688 0.514036 0.565920 0.518090 0.568608 0.518316 0.569392 0.516441
0 0.557800 0.515078 0.560516 0.514844 0.560852 0.512891 0.558780 0.511632 0.557492 0.513307
0 0.529744 0.561458 0.532292 0.561944 0.533860 0.560486 0.533132 0.558715 0.531648 0.557674 0.530164 0.558715 0.529324 0.559549
0 0.557996 0.549453 0.556456 0.550703 0.557856 0.553455 0.559732 0.552578 0.560012 0.550703
0 0.552536 0.542205 0.555336 0.544575 0.559620 0.546953 0.562644 0.548455 0.563288 0.546198 0.561636 0.543325 0.560124 0.540573 0.557100 0.538698 0.555196 0.538455 0.552424 0.539575
0 0.557856 0.536076 0.559256 0.534575 0.557604 0.532205 0.555952 0.532951 0.556456 0.534705
0 0.534504 0.504609 0.532320 0.501554 0.530696 0.497769 0.527588 0.498854 0.527420 0.502274 0.530864 0.505512 0.533048 0.505512
0 0.550884 0.517569 0.549960 0.513255 0.553236 0.512708 0.555224 0.516849 0.552872 0.517569
0 0.476488 0.514184 0.477384 0.512092 0.476180 0.510425 0.473744 0.511641 0.474220 0.513741
0 0.571100 0.553420 0.572920 0.553333 0.573732 0.552292 0.572472 0.551250 0.571688 0.550990 0.570456 0.551597 0.569784 0.552639
0 0.617804 0.548811 0.619036 0.548724 0.619904 0.548030 0.619988 0.546988 0.619204 0.546207 0.617888 0.545946 0.617188 0.546120 0.616656 0.546814 0.616656 0.547769
0 0.508324 0.509462 0.511852 0.508333 0.512888 0.507118 0.513084 0.505903 0.510704 0.505382 0.507456 0.506771 0.505608 0.509375
0 0.536856 0.522049 0.536324 0.522656 0.535540 0.523351 0.535092 0.522917 0.534924 0.521701 0.535708 0.520399 0.536744 0.520226 0.537108 0.520920
