1 0.065364 0.507613 0.067044 0.509592 0.069060 0.510634 0.071272 0.511884 0.073568 0.512405 0.075472 0.512925 0.078524 0.511884 0.077572 0.511363 0.075696 0.510634 0.075164 0.509175 0.075164 0.507405 0.077152 0.507196 0.081800 0.506259 0.080848 0.503759 0.076536 0.504071 0.074632 0.503030 0.076732 0.502300 0.079672 0.500425 0.079056 0.499696 0.074632 0.499800 0.073260 0.501467 0.071888 0.502405 0.070516 0.503342 0.068640 0.504488 0.067268 0.506259
1 0.086420 0.512821 0.090732 0.513342 0.091796 0.513342 0.094008 0.513446 0.092944 0.511050 0.089780 0.510113 0.085356 0.510321
1 0.099776 0.510217 0.103360 0.512613 0.106524 0.513655 0.109380 0.513967 0.110416 0.513238 0.109688 0.511780 0.105376 0.510217 0.101260 0.509175
1 0.122540 0.507717 0.119908 0.505946 0.116520 0.507196 0.118536 0.509384 0.120944 0.509384
1 0.088632 0.505946 0.091572 0.506050 0.093672 0.503863 0.090200 0.502509 0.088408 0.503655
1 0.120104 0.502821 0.123044 0.502300 0.123380 0.500113 0.125256 0.499071 0.126012 0.495634 0.124304 0.495113 0.122204 0.497092 0.121056 0.499071 0.120748 0.501259
1 0.149812 0.505929 0.149644 0.503524 0.148440 0.500530 0.146004 0.500530 0.146172 0.503828 0.147684 0.506076
0 0.222892 0.538976 0.224376 0.538542 0.223928 0.536788 0.222444 0.536267 0.221660 0.537656
0 0.366560 0.499731 0.369136 0.499280 0.372020 0.497630 0.370200 0.496285 0.366700 0.496285 0.366112 0.496432 0.365356 0.497934
0 0.551052 0.561875 0.547440 0.561875 0.545592 0.565660 0.547608 0.568542 0.551780 0.569974 0.553796 0.568898 0.553796 0.565122
6 0.333688 0.339931 0.331924 0.270747 0.552200 0.267882 0.553768 0.337587
0 0.690436 0.569097 0.691416 0.567708 0.692368 0.565451 0.692004 0.563455 0.689568 0.563194 0.687804 0.564323 0.687636 0.566059 0.688588 0.568576
0 0.729776 0.564332 0.732828 0.565729 0.735544 0.565373 0.736440 0.564427 0.736524 0.562865 0.735740 0.562257 0.734424 0.561901 0.731512 0.561997 0.730028 0.563559
0 0.746604 0.565903 0.749404 0.566936 0.751000 0.567543 0.753268 0.567717 0.754136 0.565903 0.753100 0.564332 0.750916 0.563203 0.748704 0.562769 0.747052 0.563993
0 0.998492 0.523872 0.995160 0.523116 0.993340 0.521319 0.992584 0.516068 0.993480 0.513967 0.998352 0.512622 0.999724 0.516927 0.999556 0.523568
1 0.028040 0.501840 0.029076 0.496910 0.025408 0.495877 0.023588 0.497951 0.023056 0.501059 0.025660 0.501580
1 0.065672 0.513446 0.064412 0.511884 0.063376 0.510217 0.061780 0.508030 0.058952 0.509175 0.058644 0.509696 0.059792 0.511884 0.062312 0.513446 0.064944 0.513759
