0 0.704984 0.574036 0.707700 0.572240 0.709688 0.569714 0.709688 0.566476 0.707868 0.565399 0.704984 0.566476 0.703528 0.568455 0.703528 0.572057
0 0.799792 0.542569 0.802984 0.542717 0.805700 0.542865 0.806624 0.541068 0.805112 0.539714 0.803600 0.537917 0.801612 0.538220 0.801920 0.540616
0 0.825496 0.553368 0.828548 0.552283 0.830256 0.548828 0.828548 0.546450 0.826140 0.547101 0.821772 0.545807 0.821996 0.550339
0 0.856492 0.573316 0.859768 0.572595 0.860496 0.569540 0.858312 0.567196 0.855568 0.566476 0.854112 0.568993 0.853384 0.572413
0 0.959896 0.554167 0.962108 0.553437 0.963144 0.551667 0.962640 0.549375 0.960428 0.548750 0.958328 0.549167 0.956732 0.550521 0.957460 0.552917
0 0.423164 0.501866 0.424928 0.499115 0.425320 0.497865 0.424172 0.496745 0.420784 0.497370 0.417984 0.498741 0.416108 0.500738 0.415604 0.502743 0.419020 0.503368
0 0.349804 0.488238 0.350952 0.487370 0.350588 0.486502 0.350336 0.486155 0.349020 0.486155 0.348320 0.487109 0.348040 0.488585 0.348656 0.488932
0 0.801668 0.505208 0.801920 0.502865 0.800800 0.501649 0.799904 0.500955 0.798504 0.500608 0.797356 0.500608 0.797020 0.500868 0.796768 0.502257 0.797104 0.503472 0.797356 0.504601 0.797888 0.505556 0.799288 0.505642
0 0.808332 0.498420 0.807688 0.496788 0.806428 0.495417 0.805056 0.494288 0.804048 0.495417 0.803908 0.497543 0.804552 0.499540 0.805420 0.500668 0.806428 0.500790 0.807212 0.499792
0 0.819000 0.488767 0.818496 0.487014 0.817628 0.485894 0.815472 0.485764 0.814464 0.486641 0.813820 0.489019 0.814324 0.490391 0.816480 0.490764
0 0.752136 0.548464 0.753284 0.547344 0.754908 0.546094 0.755272 0.545469 0.754040 0.544965 0.751856 0.544965 0.750232 0.545339 0.749728 0.546970 0.749728 0.547969 0.750372 0.548464
