1 0.959636 0.523915 0.962548 0.526615 0.964368 0.524818 0.963836 0.522656 0.963472 0.522656 0.961288 0.523194
1 0.811236 0.521571 0.814316 0.525538 0.817760 0.527873 0.821764 0.532014 0.823220 0.527700 0.824144 0.525538 0.829240 0.525712 0.831228 0.522839 0.828512 0.521936 0.824312 0.523012 0.821232 0.524453 0.817032 0.523733 0.812132 0.520677
1 0.814316 0.518698 0.818880 0.518698 0.822856 0.517795 0.821596 0.515998 0.819412 0.515998 0.815576 0.515998
1 0.790488 0.525712 0.793036 0.527517 0.797040 0.527700 0.801044 0.524635 0.798132 0.523733 0.793960 0.523733
1 0.886360 0.508437 0.886164 0.509332 0.883980 0.512396 0.880536 0.513116 0.884904 0.515816 0.887256 0.516536 0.890700 0.516146 0.892156 0.514193 0.889972 0.512031 0.888908 0.510773
1 0.927996 0.523733 0.932560 0.525894 0.936564 0.526979 0.936732 0.524453 0.934548 0.524453 0.931468 0.523012 0.929452 0.523012
1 0.918532 0.524280 0.920352 0.526076 0.921808 0.527335 0.923992 0.529132 0.924916 0.528238 0.925644 0.524818 0.923460 0.523915 0.919820 0.522474
1 0.944544 0.525174 0.946560 0.526615 0.949640 0.528056 0.952384 0.528056 0.952552 0.525894 0.950928 0.525174 0.949108 0.524453 0.946196 0.523915
1 0.936564 0.522292 0.939476 0.521398 0.943284 0.520312 0.945468 0.518872 0.942724 0.516719 0.939084 0.517977 0.938020 0.517075 0.938020 0.514557 0.939084 0.513299 0.946924 0.506814 0.946196 0.503394 0.940904 0.505373 0.937460 0.508793 0.935276 0.510052 0.932728 0.512934 0.931832 0.514193 0.931636 0.517075 0.933820 0.520495
1 0.978760 0.514375 0.983128 0.514740 0.985116 0.509514 0.980916 0.508976 0.978032 0.510773
1 0.968904 0.511780 0.971760 0.509531 0.971760 0.506832 0.968904 0.507578 0.968148 0.510278
