0 0.529968 0.548194 0.533524 0.548090 0.535316 0.546007 0.535316 0.544757 0.533860 0.543924 0.531536 0.543819 0.530052 0.544861 0.528792 0.545903
0 0.531228 0.571667 0.535092 0.570451 0.535372 0.567413 0.532208 0.565937 0.529296 0.566233 0.528680 0.569062
0 0.521316 0.562326 0.524116 0.561372 0.523248 0.559549 0.521232 0.558507 0.519916 0.559896 0.520364 0.561111
0 0.466604 0.525799 0.467556 0.528299 0.470608 0.527361 0.472904 0.525486 0.472484 0.523715 0.469544 0.523715 0.467444 0.524549
0 0.460892 0.524991 0.457252 0.523906 0.455432 0.520851 0.457448 0.517431 0.461256 0.518325 0.461060 0.522292
6 0.025800 0.333854 0.025100 0.261372 0.249464 0.264670 0.249996 0.334722
1 0.067800 0.557726 0.073540 0.560894 0.080708 0.564818 0.083788 0.566345 0.084908 0.564384 0.085020 0.561875 0.079056 0.559905 0.076060 0.558707 0.071328 0.557396
0 0.508744 0.513351 0.509808 0.513611 0.510676 0.513872 0.511376 0.514392 0.512356 0.514653 0.512356 0.512656 0.511376 0.511701 0.509976 0.511267 0.508576 0.511788
0 0.540692 0.531493 0.536912 0.531753 0.535596 0.532005 0.534280 0.533229 0.534112 0.534175 0.539040 0.533741 0.540160 0.532960
0 0.534812 0.537569 0.533412 0.537300 0.532012 0.537648 0.531312 0.538168 0.531312 0.539384 0.532544 0.540174 0.534196 0.540252 0.535680 0.539306 0.535876 0.537734
0 0.526468 0.558637 0.526552 0.559679 0.527392 0.560408 0.529184 0.560304 0.530248 0.559783 0.530668 0.558950 0.529940 0.558220 0.528680 0.558012
0 0.309524 0.510078 0.307956 0.510078 0.306808 0.510339 0.305856 0.511467 0.306024 0.512682 0.308124 0.512943 0.309804 0.511554
0 0.323664 0.511727 0.322516 0.511120 0.320948 0.511380 0.320052 0.512248 0.320052 0.513290 0.321032 0.514332 0.321732 0.515113 0.323300 0.514852 0.324364 0.513984 0.324448 0.512161
0 0.314872 0.511120 0.316720 0.511901 0.319632 0.511814 0.319800 0.510773 0.318932 0.509644 0.317868 0.509123 0.316104 0.509036 0.315404 0.509991
0 0.503788 0.523142 0.505188 0.523663 0.506616 0.524010 0.507316 0.523142 0.507316 0.522014 0.506616 0.520972 0.506168 0.520712 0.504684 0.521580 0.503872 0.522014
0 0.619316 0.531988 0.623684 0.529826 0.622424 0.526953 0.620968 0.525148 0.617132 0.526233 0.616964 0.530009
0 0.515688 0.526215 0.518768 0.527040 0.520924 0.525964 0.520028 0.522361 0.516920 0.521458 0.515464 0.523082
