0 0.327368 0.570052 0.326136 0.568715 0.324624 0.568411 0.322804 0.570660 0.322216 0.572465 0.323728 0.573516 0.326136 0.573212 0.327060 0.572613
1 0.341088 0.570417 0.341088 0.568168 0.340332 0.567170 0.338568 0.566918 0.336916 0.566918 0.335908 0.567795 0.336160 0.570538 0.337952 0.571545
1 0.287300 0.550990 0.289624 0.551823 0.291080 0.552135 0.292144 0.551615 0.292144 0.550677 0.291192 0.549948 0.289288 0.549323 0.286992 0.548906 0.286460 0.549844
1 0.296456 0.519905 0.300124 0.520408 0.303680 0.520026 0.304940 0.519158 0.305556 0.517283 0.303792 0.516780 0.299116 0.517153 0.296456 0.518403
1 0.306144 0.527865 0.305388 0.526667 0.302224 0.526814 0.299648 0.527569 0.297380 0.529219 0.296596 0.531615 0.296764 0.534019 0.298276 0.536120 0.300096 0.537170 0.301916 0.537465 0.304632 0.534913 0.306004 0.531771 0.306620 0.529965
1 0.347724 0.565885 0.346604 0.565139 0.344952 0.565017 0.343048 0.567891 0.343580 0.569019 0.344588 0.570512 0.347612 0.570017 0.348368 0.569019 0.347724 0.567266
1 0.341592 0.561068 0.340864 0.559158 0.340164 0.557595 0.338848 0.557075 0.337112 0.557682 0.336664 0.559852 0.337980 0.561415 0.338596 0.561849 0.339828 0.561936
1 0.487248 0.524505 0.488760 0.520304 0.488312 0.518203 0.487864 0.517457 0.485288 0.516259 0.482544 0.519418 0.481340 0.523455 0.484504 0.525269
1 0.309560 0.551415 0.311828 0.550217 0.314264 0.549470 0.317288 0.546771 0.318184 0.545113 0.318184 0.544670 0.312584 0.546016 0.310316 0.548264 0.308776 0.549766 0.307572 0.551120
1 0.262688 0.538411 0.266328 0.540573 0.271760 0.542734 0.275232 0.541476 0.274672 0.537335 0.273216 0.534635 0.269408 0.535538 0.264312 0.535712
1 0.313788 0.537708 0.315468 0.537083 0.316224 0.535312 0.316224 0.533854 0.315580 0.533438 0.313788 0.533229 0.312640 0.533958 0.311996 0.536250 0.312108 0.537500
