0 0.098732 0.453047 0.097808 0.454297 0.097892 0.457422 0.100020 0.458464 0.103912 0.457943 0.106208 0.455964 0.105704 0.453255 0.102232 0.451693 0.099908 0.452109
0 0.099684 0.459714 0.094840 0.463568 0.095792 0.467839 0.101364 0.468359 0.104752 0.467214 0.108840 0.467109 0.111892 0.463255 0.112844 0.459714 0.109680 0.458255 0.104640 0.458047
0 0.106768 0.473611 0.104220 0.471875 0.101756 0.471007 0.099824 0.472656 0.100272 0.475174 0.101672 0.477257 0.104220 0.478385 0.107972 0.480035 0.110604 0.480122 0.110436 0.477691 0.109204 0.476042
0 0.109680 0.472092 0.109680 0.469661 0.112144 0.467231 0.113544 0.467665 0.114412 0.470269 0.117296 0.473394 0.117296 0.475911 0.115896 0.476345 0.113264 0.476345 0.110716 0.473568
0 0.094504 0.476432 0.094224 0.478516 0.096268 0.478950 0.097584 0.477821 0.096688 0.476172
0 0.100356 0.480182 0.096044 0.481536 0.098872 0.485495 0.101308 0.487266 0.104556 0.486120 0.104976 0.483620 0.102876 0.481328
0 0.403120 0.524106 0.405248 0.522457 0.410092 0.520503 0.411632 0.516458 0.411156 0.514054 0.406620 0.512257 0.401328 0.514054 0.399956 0.518559 0.399200 0.522604 0.401328 0.524740
7 0.400180 0.333420 0.402056 0.247552 0.727556 0.258750 0.725708 0.344184
0 0.773756 0.566415 0.778684 0.564071 0.776668 0.560851 0.772636 0.561372 0.771040 0.564609
0 0.978548 0.518533 0.977092 0.515477 0.979836 0.512413 0.982552 0.512951 0.983840 0.514575 0.981824 0.518533
1 0.287256 0.505104 0.287480 0.507604 0.290644 0.508437 0.294116 0.508854 0.295572 0.508333 0.295040 0.506042 0.294732 0.503125 0.294200 0.501771 0.291904 0.502083 0.289468 0.503542
