0 0.153912 0.499418 0.159736 0.500859 0.161416 0.499392 0.161024 0.496181 0.158644 0.493837 0.154640 0.493837 0.153744 0.496181
0 0.475772 0.552014 0.480868 0.550937 0.481232 0.547335 0.476864 0.547153 0.475044 0.550391
0 0.510548 0.510998 0.512648 0.510998 0.514552 0.510477 0.514552 0.507352 0.513432 0.506944 0.512116 0.506832 0.510324 0.509019
0 0.532808 0.555885 0.536616 0.555521 0.537540 0.552283 0.534796 0.550660 0.531548 0.550486 0.530820 0.553542
0 0.536392 0.542882 0.540452 0.541667 0.539892 0.537344 0.536448 0.537344 0.534796 0.539687
0 0.577804 0.515104 0.577552 0.517101 0.578868 0.517708 0.580800 0.517622 0.580856 0.516059 0.579512 0.514809
0 0.806928 0.555851 0.805136 0.552786 0.802588 0.553507 0.801664 0.558368 0.806200 0.562144 0.807656 0.558906
0 0.836216 0.553689 0.840416 0.556024 0.842768 0.554948 0.841508 0.551710 0.840220 0.548828 0.837868 0.549010 0.836048 0.550990
0 0.895184 0.549314 0.892636 0.548594 0.890648 0.550573 0.893364 0.552917 0.894820 0.551649
0 0.851532 0.543915 0.852624 0.541571 0.849180 0.539774 0.847164 0.544991 0.849908 0.546970
0 0.934020 0.533941 0.936652 0.530269 0.931192 0.527248 0.928560 0.531997 0.931864 0.534375
0 0.962804 0.530122 0.964904 0.529167 0.963168 0.526024 0.961572 0.528212
