0 0.582948 0.579583 0.582836 0.581875 0.584012 0.584375 0.587148 0.586562 0.589696 0.585208 0.591040 0.582917 0.590424 0.581250 0.588856 0.579687 0.586728 0.579583 0.584852 0.579063
1 0.077688 0.581797 0.078108 0.583672 0.078948 0.584089 0.080544 0.584089 0.081048 0.583047 0.080320 0.582109 0.078752 0.581380
1 0.082532 0.585964 0.083372 0.587318 0.084744 0.587630 0.086312 0.586797 0.086312 0.585755 0.085276 0.584922 0.083904 0.584922
0 0.586532 0.579531 0.588632 0.578142 0.589388 0.576736 0.587568 0.576580 0.585552 0.578576
0 0.486768 0.550104 0.486936 0.552188 0.488000 0.553837 0.489316 0.552361 0.488504 0.550365
0 0.475456 0.552274 0.476576 0.552795 0.479040 0.553056 0.480356 0.552361 0.480720 0.551146 0.479488 0.550625 0.476240 0.550278
0 0.467280 0.552448 0.468064 0.553837 0.469212 0.553837 0.469380 0.552014 0.466328 0.549497
0 0.491864 0.549757 0.492200 0.551753 0.493684 0.551753 0.494048 0.549931 0.493180 0.548628
0 0.550076 0.549774 0.551392 0.552378 0.552428 0.552378 0.553660 0.551510 0.553660 0.549687 0.552176 0.548733
1 0.606244 0.654193 0.608092 0.654887 0.609324 0.656450 0.610640 0.653759 0.608624 0.651068 0.605124 0.650720 0.602296 0.653064 0.603976 0.655148 0.605376 0.654540
0 0.756156 0.587899 0.756688 0.589774 0.758256 0.589253 0.758592 0.587795 0.756800 0.586858
