1 0.361884 0.543967 0.364796 0.542465 0.366308 0.541094 0.366056 0.540720 0.364908 0.540217 0.362388 0.540590 0.361884 0.541345 0.360876 0.542595
7 0.499224 0.261024 0.828924 0.256189 0.830520 0.343837 0.502444 0.350260
1 0.364012 0.506259 0.362920 0.509497 0.365104 0.510139 0.366868 0.509280 0.368604 0.507118 0.368604 0.505174 0.366196 0.503880
1 0.325904 0.488229 0.326408 0.486250 0.325904 0.484375 0.325260 0.483646 0.323580 0.483542 0.322320 0.484063 0.320948 0.485417 0.321676 0.486979 0.323580 0.488542
1 0.234400 0.509418 0.237116 0.508880 0.237312 0.507795 0.237312 0.506354 0.235660 0.505998 0.233840 0.506354 0.232216 0.507613 0.231656 0.509054
1 0.732436 0.529375 0.735320 0.529983 0.737952 0.529549 0.739016 0.528854 0.740416 0.528420 0.740668 0.527813 0.739268 0.526337 0.735488 0.525816 0.732968 0.525903 0.731204 0.526771 0.730056 0.527813
1 0.425948 0.534878 0.425752 0.533003 0.425332 0.530399 0.424912 0.528837 0.422364 0.528941 0.421524 0.530920 0.421944 0.533316 0.422812 0.534462 0.424576 0.535712
1 0.353932 0.556536 0.353960 0.554167 0.353932 0.550920 0.353288 0.550920 0.351748 0.551571 0.350880 0.553950 0.350880 0.556536 0.351748 0.557187
1 0.479008 0.500877 0.480940 0.499401 0.481192 0.496710 0.478476 0.495668 0.476712 0.496363 0.475592 0.497500 0.476040 0.500182 0.476712 0.501137
1 0.508744 0.489974 0.511292 0.488325 0.511908 0.487543 0.510844 0.486589 0.508912 0.486155 0.506980 0.487196 0.505944 0.487630 0.504796 0.489280 0.505580 0.490321
1 0.452436 0.535512 0.451372 0.534366 0.449048 0.533325 0.447172 0.532804 0.446108 0.533012 0.445996 0.534887 0.446864 0.537075 0.447788 0.538220 0.449804 0.538741 0.451372 0.538325 0.451904 0.536450
1 0.417576 0.539444 0.416232 0.537257 0.415280 0.536736 0.413264 0.536424 0.413068 0.537257 0.414104 0.540174 0.414860 0.541736 0.416232 0.541215 0.416540 0.540694
1 0.460500 0.534201 0.461564 0.533247 0.461732 0.532205 0.460416 0.531076 0.458568 0.530642 0.457952 0.531163 0.457420 0.532812 0.457868 0.533767
1 0.466212 0.538021 0.466044 0.536719 0.464196 0.536111 0.462516 0.536719 0.462684 0.538802 0.463216 0.539844 0.464812 0.539757
1 0.387588 0.529184 0.389072 0.526840 0.389604 0.525451 0.388820 0.525017 0.387756 0.525278 0.386636 0.527188 0.385656 0.529184 0.385656 0.530052 0.386356 0.530139
