1 0.578860 0.550972 0.579924 0.552014 0.582024 0.552274 0.582724 0.551319 0.582892 0.550365 0.582276 0.549497 0.580428 0.549323 0.579728 0.550017
1 0.534200 0.582899 0.535964 0.583507 0.537896 0.582986 0.538148 0.581424 0.537980 0.580295 0.536664 0.580469 0.536832 0.581944 0.535628 0.582465
0 0.494496 0.537413 0.495504 0.540668 0.500544 0.541545 0.504464 0.539288 0.506480 0.537170 0.507488 0.534167 0.507236 0.531918 0.504576 0.530043 0.501944 0.529792 0.499536 0.531415 0.496008 0.534167
0 0.960220 0.566918 0.961984 0.571042 0.966268 0.570165 0.969796 0.567665 0.970328 0.565165 0.969180 0.563168 0.966016 0.562170 0.963104 0.561667 0.961732 0.564913
0 0.899376 0.516146 0.900104 0.518542 0.902848 0.519687 0.906852 0.519479 0.907580 0.517187 0.906936 0.514792 0.905144 0.513125 0.902540 0.513021 0.900832 0.514063
0 0.921048 0.545313 0.919200 0.544358 0.917380 0.543056 0.916848 0.540451 0.917996 0.539323 0.918248 0.537413 0.919200 0.536024 0.922028 0.536545 0.922364 0.538542 0.923512 0.540278 0.924912 0.541493 0.923512 0.542448 0.921916 0.543663
0 0.830356 0.553160 0.833828 0.554418 0.838560 0.552795 0.842564 0.551181 0.844020 0.548299 0.844020 0.545781 0.841108 0.544878 0.839036 0.548351 0.835284 0.550278 0.832372 0.547934 0.829264 0.549557
1 0.586308 0.553646 0.588156 0.551649 0.589556 0.549479 0.590004 0.548090 0.591656 0.546788 0.591572 0.545226 0.591040 0.544271 0.590340 0.543576 0.589136 0.543403 0.588688 0.544705 0.587204 0.545226 0.585608 0.545660 0.585272 0.547222 0.585524 0.549566 0.585972 0.551649
1 0.524120 0.531510 0.526304 0.530382 0.529132 0.530295 0.530616 0.531424 0.528768 0.532552 0.529636 0.534635 0.528152 0.534549 0.525604 0.534896 0.525800 0.532812
0 0.326412 0.503819 0.328232 0.505035 0.329996 0.505295 0.332012 0.504687 0.332908 0.502691 0.332796 0.501302 0.331760 0.500608 0.330164 0.500781 0.328232 0.500868 0.326748 0.501997
0 0.356540 0.492309 0.355756 0.491441 0.355056 0.489705 0.355056 0.488490 0.356372 0.487795 0.358108 0.487795 0.359004 0.488316 0.358388 0.489618 0.357072 0.490920
0 0.080348 0.509549 0.078864 0.509201 0.078584 0.507118 0.079116 0.505903 0.080432 0.505903 0.081832 0.506684 0.082728 0.507465 0.081916 0.509028
1 0.031656 0.561545 0.032104 0.560156 0.034288 0.559549 0.036052 0.560156 0.036920 0.560938 0.036752 0.562066 0.034736 0.561545 0.032972 0.561719
