0 0.974972 0.482882 0.972452 0.484028 0.970660 0.485382 0.970968 0.489444 0.974552 0.493299 0.977604 0.492569 0.979816 0.490069 0.979816 0.486007 0.977492 0.483194
0 0.961784 0.491059 0.965900 0.494792 0.969064 0.498090 0.972312 0.500868 0.977492 0.498958 0.977296 0.496701 0.974580 0.494444 0.973348 0.492969 0.972592 0.492188 0.970296 0.489931 0.967048 0.488194 0.965200 0.487153 0.962568 0.488542
0 0.969148 0.474132 0.971948 0.475174 0.973460 0.478212 0.972480 0.480816 0.969848 0.482465 0.968084 0.482465 0.965816 0.480469 0.963968 0.480556 0.960916 0.481250 0.957668 0.480729 0.958788 0.477778 0.959852 0.476997
0 0.961336 0.475608 0.959600 0.474132 0.958620 0.472396 0.958984 0.469358 0.961336 0.468142 0.964416 0.468229 0.967132 0.469965 0.967300 0.471528 0.966600 0.473524 0.963436 0.475434
0 0.964668 0.496979 0.959908 0.497083 0.959908 0.501458 0.961812 0.503750 0.964332 0.504271 0.967720 0.504167 0.967720 0.503542 0.967720 0.500104 0.966544 0.498229
0 0.368464 0.495278 0.372048 0.491632 0.371824 0.488403 0.369836 0.487257 0.366672 0.487361 0.364656 0.489748 0.364768 0.492569 0.366672 0.494340
0 0.369808 0.473255 0.371208 0.475425 0.373056 0.476467 0.376724 0.476207 0.379020 0.472908 0.378404 0.471259 0.377004 0.469262 0.374456 0.469002 0.372272 0.468481 0.370060 0.469957
0 0.098740 0.461528 0.099608 0.464219 0.101540 0.464219 0.105040 0.463785 0.107252 0.462483 0.108288 0.460747 0.108568 0.458837 0.107672 0.456406 0.107336 0.455712 0.106468 0.455104 0.105572 0.454497 0.103836 0.453715 0.100224 0.454149 0.098460 0.455885 0.098040 0.458576
0 0.463748 0.504757 0.467556 0.506736 0.469432 0.506319 0.470188 0.503507 0.469432 0.501215 0.466492 0.500382 0.464392 0.500903 0.463132 0.502882
0 0.525152 0.513108 0.523584 0.515712 0.526104 0.520312 0.530668 0.519184 0.532348 0.515365 0.530668 0.512066 0.527336 0.511545
0 0.652328 0.487734 0.649752 0.491484 0.653700 0.496432 0.658852 0.499436 0.663108 0.496736 0.662800 0.490885 0.660980 0.487283 0.657340 0.485929
0 0.821588 0.516059 0.821588 0.512847 0.819824 0.511024 0.815960 0.511458 0.814644 0.513455 0.814644 0.515017 0.816576 0.517361 0.819376 0.517448
0 0.827636 0.490590 0.829568 0.490069 0.830184 0.488594 0.828784 0.486684 0.826404 0.486684 0.825256 0.488767 0.825872 0.489983
0 0.807224 0.486797 0.807588 0.488446 0.810304 0.489401 0.812040 0.487231 0.811340 0.485495 0.809156 0.484540 0.808288 0.485408
6 0.589020 0.333299 0.587816 0.263976 0.805320 0.263750 0.806832 0.331597
