0 0.979428 0.536727 0.981976 0.537726 0.984496 0.536476 0.985504 0.535104 0.987520 0.533733 0.987520 0.531979 0.986120 0.531102 0.985112 0.532352 0.984104 0.532352 0.981584 0.532231 0.979176 0.533602
0 0.969572 0.534227 0.972624 0.536476 0.974500 0.536476 0.976516 0.534358 0.976404 0.531979 0.974500 0.531102 0.971980 0.531102 0.970468 0.532483
0 0.972456 0.574826 0.974556 0.575260 0.976768 0.574479 0.977104 0.573177 0.975620 0.572396 0.973688 0.572483
0 0.878936 0.525104 0.880308 0.526771 0.883164 0.527292 0.884620 0.526354 0.883472 0.524688 0.882100 0.523438 0.880112 0.523854
0 0.865188 0.522656 0.867540 0.522569 0.867904 0.520920 0.867904 0.518924 0.866756 0.517795 0.865608 0.517535 0.864572 0.518490 0.864992 0.520573
0 0.844468 0.501458 0.845392 0.503333 0.847604 0.503750 0.848584 0.501771 0.847940 0.500425 0.846036 0.500833
0 0.797372 0.545920 0.800284 0.546788 0.803084 0.546042 0.804596 0.543915 0.804456 0.541042 0.802580 0.540790 0.801040 0.542413 0.799164 0.541918 0.797008 0.541918 0.796756 0.543663
1 0.795888 0.530460 0.799276 0.531753 0.802160 0.528646 0.800060 0.526311 0.798240 0.527344 0.795076 0.528385
1 0.794656 0.524835 0.798604 0.524835 0.799640 0.522760 0.802272 0.523021 0.804624 0.521207 0.803308 0.519132 0.802776 0.517057 0.801992 0.516016 0.800956 0.514722 0.800172 0.512648 0.797820 0.512387 0.795188 0.512135 0.792304 0.512135 0.790484 0.514201 0.793620 0.515503 0.798324 0.515503 0.797820 0.517830 0.799640 0.519905 0.798604 0.520425 0.795720 0.521979
1 0.794852 0.520547 0.794236 0.518984 0.794936 0.517856 0.796616 0.518030 0.797652 0.518898 0.797932 0.520200 0.795916 0.520981
1 0.781608 0.511042 0.783876 0.512917 0.786788 0.512543 0.788412 0.511042 0.788916 0.509418 0.786648 0.508663 0.784128 0.508915
1 0.327616 0.529540 0.329884 0.529540 0.331648 0.530538 0.333300 0.529045 0.333048 0.527040 0.331648 0.527040 0.329884 0.526042 0.328008 0.525920 0.328372 0.527543
