0 0.805536 0.521632 0.807132 0.522465 0.809008 0.521424 0.808588 0.520069 0.807132 0.519861 0.806068 0.520278
0 0.795820 0.533689 0.798984 0.534062 0.801504 0.534722 0.803408 0.532943 0.801392 0.530686 0.797472 0.529566 0.795708 0.531311
0 0.774372 0.546068 0.777144 0.543316 0.777144 0.539687 0.772216 0.539687 0.770956 0.542943 0.772216 0.544687
0 0.792684 0.538568 0.790528 0.542813 0.795568 0.545191 0.797612 0.544566 0.798228 0.540313 0.796856 0.538941
0 0.761212 0.569566 0.755920 0.569939 0.757180 0.574063 0.763508 0.577943 0.768296 0.578316 0.770564 0.574688 0.770060 0.572066 0.767148 0.570937 0.764628 0.569818
0 0.818696 0.554332 0.822840 0.557786 0.823932 0.556710 0.823512 0.552821 0.820656 0.551311 0.818920 0.551736
0 0.805816 0.562543 0.803212 0.558872 0.804948 0.556276 0.807132 0.553681 0.810856 0.553898 0.810632 0.557786 0.809092 0.560807
0 0.797752 0.570095 0.799712 0.573125 0.803856 0.574852 0.806908 0.570964 0.808224 0.568368 0.803212 0.565564 0.798844 0.566858
0 0.832892 0.571615 0.836168 0.569670 0.834628 0.566641 0.829840 0.566858 0.830064 0.570747
1 0.013612 0.550200 0.016328 0.548611 0.014172 0.546597 0.011400 0.548611
