7 0.144576 0.247587 0.478056 0.252431 0.478056 0.340035 0.144576 0.336276
1 0.905252 0.534983 0.906316 0.534375 0.906316 0.532292 0.905448 0.531337 0.903516 0.531076 0.902452 0.531944 0.902116 0.533594 0.902620 0.534896 0.903684 0.535156
0 0.886156 0.553759 0.887332 0.552092 0.887416 0.550321 0.886072 0.548550 0.884588 0.547925 0.882600 0.549488 0.881424 0.551155 0.881228 0.554071 0.884168 0.555009
0 0.019808 0.523003 0.020592 0.521528 0.020088 0.519878 0.019276 0.519444 0.017540 0.519444 0.016840 0.520486 0.016308 0.522309 0.016476 0.523958 0.017792 0.524219
1 0.648128 0.538689 0.650536 0.536319 0.650536 0.533819 0.648520 0.533438 0.645244 0.533941 0.643452 0.535694 0.642976 0.538194 0.644740 0.539687
1 0.661316 0.557752 0.661316 0.556189 0.660588 0.553898 0.660168 0.551502 0.659412 0.551085 0.658376 0.553168 0.658264 0.555252 0.658992 0.557335
1 0.679432 0.543168 0.680468 0.541918 0.680384 0.539314 0.676884 0.538793 0.676156 0.539106 0.676464 0.542335 0.677108 0.542856
1 0.490908 0.511042 0.493176 0.509418 0.492672 0.508290 0.489004 0.507795 0.486736 0.509670 0.485728 0.512170 0.487632 0.512665
1 0.541896 0.509271 0.541476 0.506146 0.540748 0.504687 0.539908 0.504479 0.538200 0.505938 0.538312 0.509479 0.539572 0.510104 0.540524 0.509792
1 0.638944 0.553819 0.638580 0.552561 0.636760 0.552023 0.635500 0.552205 0.634576 0.553464 0.634576 0.554722 0.635304 0.555260 0.636760 0.555443 0.637852 0.555087
1 0.658600 0.537083 0.660784 0.535642 0.661512 0.533481 0.660784 0.532760 0.658404 0.533125 0.656584 0.534922 0.656416 0.536007
1 0.452156 0.502344 0.454144 0.501406 0.454368 0.500260 0.453108 0.499010 0.451204 0.498490 0.448992 0.499010 0.448684 0.500573 0.449328 0.501406 0.450168 0.501615
1 0.196096 0.509288 0.199120 0.507040 0.199624 0.505417 0.197860 0.504670 0.195452 0.504913 0.193184 0.507292 0.193184 0.509167 0.194584 0.509540
0 0.325988 0.518828 0.328620 0.518828 0.329712 0.515156 0.329264 0.511910 0.327080 0.510833 0.325568 0.510616 0.323608 0.511050 0.322740 0.511701 0.320976 0.513429 0.320556 0.514505 0.320332 0.515590 0.320976 0.517318 0.323608 0.519262 0.325120 0.519687
1 0.491468 0.552795 0.494016 0.552613 0.494548 0.554054 0.495836 0.555495 0.495640 0.557839 0.492924 0.557300 0.490572 0.556398 0.489284 0.553698
0 0.195480 0.547378 0.197048 0.551788 0.199680 0.554896 0.203600 0.554896 0.205420 0.552049 0.204104 0.548941 0.198868 0.547639
