1 0.393628 0.607578 0.399396 0.606076 0.401804 0.605625 0.405612 0.608628 0.410148 0.609227 0.415300 0.608628 0.419248 0.607726 0.420004 0.606224 0.417736 0.604878 0.413788 0.603082 0.408636 0.602031 0.404548 0.602326 0.401048 0.603976 0.395588 0.605625
1 0.441592 0.609661 0.445988 0.608915 0.450552 0.609965 0.455536 0.608759 0.457832 0.612066 0.461164 0.609062 0.459344 0.606059 0.454948 0.604861 0.450860 0.604861 0.447360 0.605764 0.443720 0.607717
1 0.487540 0.612665 0.490872 0.611467 0.496164 0.609809 0.499188 0.611016 0.501484 0.609965 0.499972 0.607109 0.496332 0.606215 0.493140 0.607717 0.489948 0.609965
1 0.524808 0.611293 0.529372 0.610564 0.534972 0.608594 0.537856 0.605747 0.533012 0.605295 0.529232 0.606814 0.527104 0.608151
1 0.632216 0.612960 0.638880 0.612960 0.646300 0.611910 0.652516 0.610712 0.662372 0.608915 0.659824 0.607292 0.655428 0.607899 0.650108 0.608759 0.644172 0.609366 0.641456 0.609366 0.637228 0.609062 0.633588 0.609965
1 0.699360 0.612101 0.705128 0.612101 0.714816 0.612361 0.712716 0.610026 0.706164 0.608472 0.699864 0.607439 0.696728 0.611068
1 0.797304 0.612361 0.803856 0.611068 0.809372 0.608993 0.808308 0.607179 0.802036 0.606658 0.794420 0.608993
1 0.822588 0.616979 0.827824 0.614384 0.828860 0.613090 0.830960 0.610495 0.838296 0.610495 0.838548 0.611536 0.843812 0.614384 0.845128 0.612830 0.839864 0.609722 0.828860 0.608941 0.822056 0.609462 0.819704 0.614123
1 0.871812 0.613611 0.876012 0.613863 0.880744 0.612309 0.883880 0.612569 0.885700 0.614384 0.893036 0.618012 0.898020 0.615677 0.900120 0.611016 0.893316 0.609974 0.884916 0.609974 0.878644 0.609462 0.870776 0.612049
1 0.918712 0.615451 0.927084 0.615964 0.938872 0.611563 0.942820 0.608967 0.935736 0.608446 0.927616 0.609748 0.921064 0.612595
1 0.954216 0.611589 0.960124 0.614184 0.966004 0.615260 0.976504 0.616771 0.981936 0.615694 0.975636 0.613533 0.965584 0.610078 0.958388 0.609210 0.954888 0.609861
7 0.220448 0.372309 0.225348 0.285330 0.553508 0.302170 0.550540 0.388715
