1 0.566832 0.508767 0.563584 0.509635 0.563808 0.513533 0.566720 0.514427 0.569100 0.512092
0 0.641760 0.559227 0.637392 0.559948 0.638848 0.563915 0.641760 0.563915 0.643216 0.561936
0 0.738556 0.514818 0.735196 0.515234 0.734048 0.518464 0.736680 0.520964 0.739200 0.521276 0.742028 0.520026 0.742252 0.517943 0.742252 0.515859
0 0.765044 0.517170 0.762972 0.517274 0.762412 0.518906 0.764764 0.520729 0.765884 0.519878 0.766444 0.518906
0 0.739256 0.495382 0.736092 0.495469 0.734944 0.498594 0.737660 0.499983 0.739760 0.499028 0.740824 0.496684
2 0.867328 0.456589 0.862540 0.457969 0.863660 0.459462 0.868336 0.460339 0.874020 0.461719 0.880600 0.462214 0.882364 0.461215 0.882364 0.460087 0.880600 0.457587 0.878332 0.456467 0.873264 0.455217
0 0.875280 0.534384 0.868756 0.533333 0.865732 0.535582 0.870856 0.538585 0.874216 0.537986 0.875728 0.537535
0 0.918176 0.526736 0.912408 0.526128 0.911344 0.528984 0.914060 0.530182 0.916636 0.530330 0.918316 0.528837
0 0.960904 0.559913 0.960736 0.558090 0.959952 0.556875 0.958468 0.557049 0.957768 0.558438 0.958020 0.559566 0.958804 0.560000
0 0.741300 0.524922 0.738864 0.524297 0.738136 0.525964 0.739508 0.528151 0.743400 0.528568 0.743204 0.526276
