1 0.175772 0.538220 0.179048 0.539514 0.182324 0.540382 0.183640 0.537786 0.183640 0.536059 0.180140 0.533898 0.176444 0.533898
1 0.182492 0.552674 0.183864 0.554054 0.185768 0.556788 0.188680 0.558924 0.190444 0.558038 0.190444 0.558038 0.192964 0.555790 0.193972 0.553290 0.192964 0.549931 0.191592 0.549167 0.187168 0.548915 0.184256 0.549931
1 0.174540 0.561181 0.173644 0.559036 0.176416 0.558429 0.178572 0.558429 0.180084 0.559540 0.178572 0.560668 0.176416 0.561181
1 0.157460 0.564175 0.160372 0.562040 0.164936 0.560790 0.166308 0.559036 0.163788 0.557917 0.161268 0.557786 0.158748 0.558681 0.157096 0.561181 0.156452 0.563290
0 0.343324 0.545920 0.345788 0.546181 0.347720 0.546094 0.348784 0.545139 0.349120 0.543056 0.348868 0.542448 0.346852 0.541753 0.345452 0.542188 0.343604 0.543316
0 0.439532 0.550521 0.439532 0.553229 0.440988 0.554688 0.443312 0.553958 0.444152 0.552708 0.444152 0.550521 0.443004 0.548750 0.440988 0.548750
0 0.570964 0.565104 0.567296 0.564852 0.564776 0.565729 0.564020 0.569227 0.564916 0.571849 0.566428 0.573099 0.570208 0.572604 0.572476 0.572101 0.573736 0.569227 0.573120 0.567604
0 0.734344 0.542205 0.737088 0.540582 0.740364 0.539861 0.744732 0.539141 0.744340 0.541120 0.742884 0.543281 0.739804 0.543819 0.735632 0.544905
0 0.816160 0.579991 0.813808 0.579731 0.812912 0.577483 0.813444 0.575217 0.816608 0.574878 0.819492 0.574957 0.821088 0.576345 0.821088 0.578082 0.820388 0.579384 0.818008 0.580686
0 0.858888 0.588880 0.860456 0.589922 0.862304 0.590877 0.863508 0.590191 0.864152 0.588359 0.863704 0.587231 0.862836 0.586884 0.861072 0.586710 0.859420 0.586710
0 0.920012 0.542535 0.921496 0.544184 0.923960 0.544358 0.924660 0.542448 0.923176 0.541753 0.921412 0.541406
