1 0.271592 0.575165 0.274252 0.576667 0.276772 0.578542 0.279684 0.579288 0.281840 0.579418 0.282596 0.578290 0.282596 0.575911 0.280552 0.575043 0.278676 0.574418 0.276268 0.574418 0.274252 0.574418 0.273216 0.574792
0 0.201116 0.569783 0.204924 0.572222 0.210048 0.571580 0.211252 0.568281 0.210972 0.565017 0.208228 0.562882 0.204448 0.562587 0.202768 0.563628 0.201256 0.566181
1 0.264144 0.569792 0.260980 0.568915 0.259328 0.569661 0.262492 0.572543 0.264648 0.574288 0.266664 0.574540 0.267952 0.573793 0.266552 0.571536
0 0.584464 0.595773 0.589924 0.595590 0.590820 0.590556 0.585920 0.590191 0.583372 0.593073
0 0.542436 0.540148 0.544452 0.543030 0.547168 0.541953 0.548428 0.540191 0.547532 0.538889 0.544984 0.538889
0 0.855364 0.580469 0.861720 0.582630 0.864436 0.581189 0.862448 0.578672 0.858276 0.578307
0 0.421252 0.610347 0.422680 0.609826 0.423380 0.608611 0.423716 0.607396 0.423016 0.607049 0.420048 0.607222 0.418116 0.607135 0.417584 0.607309 0.417752 0.608264 0.418620 0.609219
0 0.350272 0.575469 0.350888 0.574167 0.350972 0.573385 0.349852 0.573125 0.349040 0.573559 0.348172 0.574861 0.348172 0.576510 0.348872 0.577552
0 0.244348 0.563403 0.246532 0.562535 0.248296 0.560712 0.249164 0.559410 0.249248 0.558628 0.247764 0.557674 0.246028 0.557934 0.244516 0.559149 0.243396 0.560365 0.242500 0.562014 0.242248 0.563490
0 0.239028 0.566832 0.238776 0.566398 0.237040 0.566658 0.236228 0.567700 0.236928 0.568915 0.237824 0.569002 0.239140 0.567786
