0 0.909924 0.600521 0.909840 0.598759 0.912444 0.598108 0.914180 0.597465 0.916140 0.598177 0.916588 0.599627 0.914404 0.600269 0.912024 0.601137
0 0.287540 0.559896 0.287008 0.558941 0.288156 0.558073 0.289388 0.558767 0.289388 0.560069 0.288240 0.561024
0 0.254052 0.592891 0.254668 0.590347 0.256796 0.590642 0.257076 0.592595 0.255592 0.593941
0 0.170724 0.563542 0.170724 0.561771 0.171256 0.560417 0.172628 0.561042 0.172740 0.562500 0.172740 0.563958 0.171676 0.564167
0 0.340208 0.533212 0.340208 0.531259 0.342028 0.530807 0.343848 0.531406 0.345360 0.532309 0.344436 0.533811 0.342476 0.534410
0 0.270740 0.597092 0.271748 0.594531 0.275136 0.594609 0.276228 0.598351 0.273148 0.599132
0 0.223504 0.518924 0.222020 0.517795 0.221768 0.516233 0.222832 0.514896 0.224652 0.515365 0.225604 0.516580 0.225184 0.518403
1 0.315988 0.576719 0.308064 0.573359 0.298628 0.572240 0.291852 0.570373 0.289584 0.562535 0.295996 0.560668 0.300532 0.557682 0.307980 0.555903 0.317024 0.558333 0.321140 0.562240 0.315988 0.564028 0.314476 0.568134 0.316380 0.572613
0 0.647200 0.531450 0.647004 0.529470 0.647928 0.528568 0.650644 0.528568 0.651680 0.530208 0.651232 0.531424 0.649384 0.531814
0 0.562556 0.578385 0.562304 0.574887 0.565356 0.573377 0.569052 0.575321 0.568856 0.578351 0.565776 0.578993
0 0.524952 0.600174 0.523664 0.597474 0.525120 0.595139 0.528760 0.596033 0.529488 0.599271 0.528032 0.599991
