0 0.775704 0.564583 0.775760 0.565712 0.776796 0.566745 0.778364 0.566745 0.778112 0.565712 0.776796 0.565451 0.776012 0.564158
6 0.581132 0.299045 0.795164 0.295139 0.797040 0.362778 0.581412 0.367188
0 0.751848 0.550955 0.752296 0.552118 0.753668 0.552387 0.754816 0.552257 0.755320 0.551849 0.755040 0.551033 0.754228 0.550486 0.753136 0.550217 0.752296 0.550217
0 0.484112 0.589757 0.484728 0.587760 0.486856 0.587587 0.487444 0.589497 0.485960 0.590799
0 0.746108 0.526432 0.744680 0.525530 0.744120 0.524306 0.744288 0.522830 0.745016 0.522465 0.746472 0.522830 0.747760 0.523906 0.747760 0.525712
0 0.730540 0.526910 0.730680 0.525712 0.731436 0.525260 0.732948 0.524809 0.734628 0.525260 0.735244 0.526458 0.734320 0.527361 0.732500 0.527656 0.731604 0.527656
0 0.723260 0.522960 0.724184 0.522066 0.725248 0.521467 0.726144 0.522214 0.727068 0.523116 0.727516 0.525061 0.727376 0.526866 0.726144 0.526563 0.725248 0.525660 0.724940 0.525061 0.723260 0.524314
0 0.720432 0.518663 0.720964 0.517361 0.722728 0.517187 0.723512 0.518490 0.722532 0.519705 0.721216 0.519965
0 0.714636 0.518576 0.713152 0.517014 0.714132 0.515017 0.716428 0.515634 0.716932 0.518316
0 0.721524 0.567795 0.721048 0.565278 0.723036 0.564062 0.726788 0.564436 0.726788 0.567049 0.724912 0.568915
