0 0.316696 0.524132 0.318488 0.522882 0.319132 0.519757 0.317648 0.519340 0.315968 0.520799 0.314904 0.523611
0 0.199572 0.537465 0.197696 0.537361 0.196744 0.539410 0.198004 0.540903 0.200076 0.540885 0.201168 0.539444
0 0.391484 0.519184 0.393948 0.520052 0.395628 0.518316 0.395432 0.517101 0.392716 0.516667 0.390616 0.517882
0 0.510652 0.520868 0.507740 0.520486 0.506592 0.523116 0.509000 0.523993 0.510260 0.523116
0 0.500768 0.524236 0.503932 0.524236 0.505332 0.522361 0.503932 0.520486 0.502448 0.520365 0.500152 0.521241
0 0.558868 0.530451 0.561668 0.530703 0.563152 0.528828 0.562536 0.526953 0.559764 0.526701 0.557860 0.527951
0 0.574912 0.522075 0.573036 0.524080 0.575556 0.525200 0.578328 0.523828 0.579084 0.523325 0.579588 0.521328 0.576928 0.521328
0 0.580848 0.543325 0.582500 0.546450 0.584908 0.546953 0.586924 0.544826 0.585384 0.541328 0.581716 0.540955
0 0.563824 0.546372 0.562508 0.545156 0.560968 0.545660 0.560828 0.546719 0.563292 0.549323 0.565084 0.548785 0.565476 0.547587
0 0.811876 0.547161 0.811120 0.545365 0.808516 0.544444 0.807620 0.547161 0.810252 0.548177
0 0.827108 0.538108 0.824224 0.539062 0.824560 0.542361 0.827500 0.543047 0.828452 0.541050
0 0.895120 0.487700 0.895792 0.489844 0.897892 0.489575 0.899040 0.487830 0.897640 0.485330 0.895736 0.486580
0 0.847800 0.550260 0.847632 0.549132 0.845616 0.548611 0.845448 0.548611 0.844832 0.548958 0.844384 0.549566 0.844384 0.550174 0.844552 0.550955 0.845084 0.551128 0.845784 0.551215 0.846568 0.551128 0.847184 0.550694
