0 0.181768 0.480234 0.181068 0.477283 0.178688 0.476502 0.176252 0.478064 0.177120 0.480929 0.179920 0.481363
0 0.194228 0.475720 0.192800 0.477431 0.194592 0.478932 0.196160 0.478064 0.195796 0.476328
0 0.176952 0.463481 0.174236 0.464696 0.173004 0.467387 0.174404 0.468950 0.176952 0.469123 0.178604 0.468776 0.180368 0.465998 0.179220 0.464089
0 0.169504 0.469991 0.169140 0.472075 0.170708 0.473898 0.173088 0.473550 0.174488 0.471901 0.174236 0.470165 0.173088 0.469557 0.171324 0.469557
0 0.189300 0.481649 0.188180 0.484028 0.190196 0.486024 0.192100 0.485781 0.193612 0.483524 0.192212 0.482031
0 0.387540 0.497309 0.391964 0.497847 0.393028 0.501476 0.391460 0.502769 0.387540 0.502248 0.386224 0.500174
6 0.451632 0.324462 0.452164 0.253707 0.669304 0.258854 0.669024 0.328906
0 0.546272 0.497005 0.547812 0.501970 0.552180 0.502839 0.553916 0.499601 0.552376 0.496571 0.549128 0.495061
0 0.758708 0.521762 0.760696 0.518090 0.758512 0.514844 0.754144 0.515495 0.754144 0.519384 0.756104 0.520894
0 0.861832 0.517326 0.859312 0.519670 0.859844 0.522370 0.862392 0.524167 0.865304 0.522908 0.865864 0.520026 0.864408 0.517509
