0 0.282108 0.527778 0.281044 0.526215 0.279476 0.525868 0.277908 0.526997 0.277712 0.529948 0.279644 0.531510 0.282024 0.531510 0.282892 0.529688
0 0.300952 0.497995 0.298236 0.500078 0.299020 0.504245 0.301484 0.504766 0.304004 0.503984 0.304620 0.501727 0.304116 0.499557
1 0.269732 0.511398 0.269732 0.508151 0.268220 0.508906 0.266204 0.510651 0.268724 0.512899
1 0.259512 0.508655 0.258756 0.511780 0.261640 0.512778 0.263656 0.511276 0.262284 0.511024 0.260632 0.509774
0 0.687688 0.548524 0.685672 0.547483 0.682760 0.547483 0.680492 0.549219 0.680240 0.551997 0.681024 0.554861 0.683824 0.555816 0.687072 0.555816 0.688304 0.553733 0.689172 0.551910 0.690936 0.550174 0.689256 0.549045
0 0.811224 0.535503 0.807640 0.535182 0.806380 0.536745 0.807332 0.540599 0.809432 0.540911 0.811336 0.539245 0.812288 0.538212
1 0.903540 0.552335 0.903428 0.551641 0.902812 0.550599 0.903008 0.550252 0.903344 0.549905 0.903624 0.549644 0.903624 0.549384 0.902924 0.548863 0.902392 0.548950 0.901692 0.549384 0.901412 0.549818 0.901244 0.550165 0.901328 0.550599 0.901496 0.551120 0.901776 0.551727 0.902112 0.552595 0.902112 0.553030 0.902392 0.553377 0.902812 0.554158 0.903092 0.554332 0.903344 0.554071 0.903428 0.553464 0.903540 0.553377
1 0.901300 0.559097 0.898332 0.559618 0.895504 0.559792 0.894636 0.559878 0.894888 0.558576 0.897268 0.557882 0.900852 0.557187 0.901132 0.557274 0.901300 0.557969 0.901300 0.558229
1 0.956768 0.550530 0.956600 0.549054 0.956236 0.548446 0.955004 0.548533 0.954052 0.549054 0.953268 0.550095 0.953436 0.551571 0.953856 0.552092 0.954584 0.552439 0.956404 0.552179 0.956852 0.552092 0.957188 0.551571
1 0.940668 0.551285 0.940836 0.549288 0.940388 0.548585 0.940304 0.548585 0.938904 0.548759 0.937840 0.550061 0.936888 0.551458 0.936972 0.553273 0.937448 0.554688 0.939436 0.554497 0.941004 0.554401 0.941004 0.553194 0.941004 0.552153
1 0.947976 0.552431 0.947724 0.551302 0.947024 0.550781 0.946240 0.550347 0.945260 0.550868 0.944224 0.551649 0.943776 0.551649 0.943328 0.553385 0.945092 0.553819 0.946408 0.554167 0.947024 0.554601 0.947892 0.554514 0.947892 0.553559
