0 0.742620 0.580729 0.744804 0.580694 0.746456 0.577457 0.745000 0.575087 0.742452 0.575122 0.740996 0.579436
0 0.682056 0.547396 0.684240 0.546502 0.683344 0.544340 0.681328 0.544158 0.680964 0.545955
0 0.474380 0.546788 0.475920 0.546753 0.476536 0.545252 0.476536 0.543255 0.474016 0.543498 0.473652 0.545130
0 0.499048 0.543498 0.501484 0.543194 0.502548 0.541398 0.501792 0.539297 0.499216 0.539297 0.498012 0.541398
0 0.621212 0.575625 0.620680 0.573099 0.619588 0.569679 0.616452 0.571120 0.616676 0.575078 0.618860 0.575981
0 0.254720 0.556354 0.255840 0.555486 0.257156 0.553576 0.256540 0.551233 0.254720 0.550278 0.252424 0.550278 0.251556 0.551233 0.251276 0.553229 0.251276 0.555312 0.253208 0.556181
0 0.146640 0.556059 0.147928 0.554323 0.147060 0.552387 0.145548 0.552813 0.145324 0.554540
0 0.134880 0.576363 0.138128 0.576363 0.141964 0.575998 0.140872 0.571675 0.139584 0.571319 0.135608 0.571137 0.134320 0.573837
0 0.108364 0.568767 0.109092 0.564080 0.108364 0.561745 0.105816 0.563003 0.105284 0.564080 0.103828 0.567682 0.106180 0.570200
0 0.111276 0.563368 0.112004 0.560122 0.113628 0.559401 0.116736 0.560486 0.117268 0.562648 0.115448 0.564080 0.113628 0.564444
0 0.037748 0.577700 0.039428 0.577552 0.040800 0.577700 0.042452 0.576050 0.043656 0.572899 0.042900 0.570799 0.039428 0.570495 0.037608 0.573351
0 0.034472 0.596163 0.039456 0.593568 0.038924 0.589167 0.034752 0.588906 0.030300 0.590720 0.030020 0.595130
0 0.872736 0.586979 0.873184 0.585182 0.872736 0.583828 0.870776 0.583550 0.868648 0.584436 0.867724 0.586250 0.868480 0.588030 0.869852 0.588481 0.871364 0.588186
