1 0.121936 0.578472 0.121936 0.576042 0.121768 0.574392 0.121236 0.573611 0.120536 0.573611 0.120088 0.574653 0.119640 0.576389 0.119724 0.578212 0.119836 0.579514 0.121488 0.579167
1 0.106312 0.594965 0.105612 0.593663 0.105080 0.593142 0.104296 0.593229 0.103960 0.594792 0.104380 0.596007 0.105612 0.596875 0.106928 0.596528 0.106760 0.595747
1 0.221840 0.576597 0.222820 0.577465 0.224388 0.578681 0.226768 0.580156 0.227804 0.580417 0.228784 0.579028 0.227384 0.577639 0.226488 0.576250 0.224836 0.574601 0.222904 0.574861 0.222204 0.575122
1 0.148732 0.569314 0.148844 0.567578 0.147416 0.565139 0.144308 0.566406 0.142992 0.568056 0.142516 0.570009 0.144980 0.570703
0 0.735360 0.591493 0.736396 0.592101 0.737796 0.591580 0.738328 0.589670 0.737712 0.588628 0.735780 0.587674 0.734744 0.587847 0.734380 0.588368 0.734212 0.589757 0.734464 0.590712
0 0.602444 0.590278 0.602108 0.588845 0.600876 0.588672 0.600092 0.589280 0.599812 0.590321 0.600176 0.591623 0.601044 0.591884 0.602108 0.591710 0.602276 0.591276
0 0.577804 0.584887 0.577552 0.584019 0.576320 0.583325 0.575536 0.583238 0.575116 0.583411 0.574584 0.583932 0.574836 0.584887 0.575368 0.585582 0.576600 0.586102 0.577916 0.586102
1 0.947320 0.550703 0.957064 0.550078 0.957064 0.545720 0.950792 0.543542 0.947320 0.545720
1 0.121348 0.567969 0.122804 0.565095 0.123896 0.561311 0.122076 0.560590 0.120256 0.562569 0.119724 0.566892
1 0.208848 0.537179 0.204480 0.537613 0.204284 0.539983 0.208204 0.540851 0.210164 0.539983
1 0.211256 0.546250 0.207532 0.545382 0.206468 0.550573 0.210164 0.551649 0.211900 0.549705
1 0.271288 0.579731 0.274564 0.582101 0.277392 0.578220 0.275208 0.575408 0.271288 0.576276
1 0.165924 0.532283 0.170628 0.535087 0.174100 0.535703 0.175024 0.532283 0.168724 0.529800
0 0.049808 0.581545 0.052412 0.579210 0.052692 0.574288 0.056360 0.568325 0.051908 0.569106 0.048744 0.572214 0.047708 0.576363
