1 0.967484 0.537066 0.964852 0.545868 0.966476 0.552387 0.970116 0.558255 0.971768 0.563472 0.976696 0.572934 0.984928 0.574557 0.989884 0.572274 0.991200 0.565755 0.986916 0.562821 0.985908 0.555651 0.989548 0.551085 0.990220 0.545217 0.987896 0.541953 0.978348 0.544887 0.981960 0.536085 0.972076 0.533151
0 0.960092 0.576797 0.961828 0.578056 0.965020 0.578212 0.967540 0.576953 0.968184 0.574280 0.966280 0.573021 0.963592 0.573021 0.961184 0.574280
1 0.434896 0.598906 0.439096 0.600226 0.442708 0.599470 0.447692 0.600226 0.452452 0.600599 0.454160 0.598715 0.450548 0.598151 0.447104 0.596076 0.444444 0.594566 0.440440 0.595321 0.437192 0.596076
1 0.572572 0.571736 0.573916 0.574184 0.575232 0.577587 0.580580 0.579280 0.581532 0.575694 0.579824 0.573429 0.581924 0.571736 0.580580 0.570417 0.576576 0.570417 0.575064 0.569089
1 0.529284 0.564262 0.531580 0.566302 0.535696 0.566528 0.537768 0.565165 0.537768 0.562899 0.539588 0.559731 0.536144 0.559957 0.532028 0.561771
0 0.352548 0.566450 0.355600 0.568333 0.360920 0.567587 0.364532 0.564566 0.363972 0.561918 0.361872 0.558906 0.360164 0.557396 0.356524 0.556641 0.352548 0.559089 0.351008 0.561918
0 0.185892 0.556450 0.189140 0.560226 0.191604 0.563247 0.193508 0.561545 0.196952 0.559280 0.196196 0.557014 0.195216 0.555130 0.193508 0.553247 0.191044 0.553429 0.188188 0.554566
0 0.119364 0.552899 0.119364 0.556198 0.122556 0.558082 0.127148 0.556198 0.128436 0.553056 0.129696 0.550851 0.133980 0.549905 0.135576 0.546450 0.133364 0.545347 0.131460 0.544401 0.128436 0.546918 0.126056 0.546293 0.121744 0.546762 0.119840 0.549280
1 0.080724 0.558403 0.083132 0.561675 0.083384 0.564167 0.085764 0.562595 0.088144 0.562726 0.090020 0.560755 0.091980 0.559184 0.089740 0.558273 0.087612 0.557352 0.084588 0.558142 0.082712 0.556832
1 0.192556 0.604566 0.196196 0.604375 0.197904 0.600599 0.199248 0.596450 0.203812 0.597769 0.203420 0.594002 0.201516 0.591927 0.199248 0.590226 0.196000 0.591736 0.194656 0.594002 0.194656 0.597769 0.192360 0.601354
