1 0.249320 0.531059 0.249712 0.532891 0.251168 0.532891 0.252372 0.532891 0.253296 0.531719 0.252484 0.530408 0.250496 0.530278
1 0.326068 0.559609 0.326768 0.560964 0.330660 0.561424 0.333180 0.559609 0.330408 0.556892 0.326516 0.557344
1 0.290452 0.556155 0.290760 0.557882 0.292356 0.557882 0.293812 0.556311 0.292356 0.554427 0.290620 0.554583
1 0.238960 0.532569 0.238652 0.535399 0.241844 0.535243 0.242292 0.533073 0.240416 0.531311
1 0.261864 0.535556 0.261864 0.537604 0.265196 0.538385 0.266932 0.536658 0.265980 0.534609 0.264244 0.534609
1 0.980232 0.568490 0.984460 0.567700 0.985524 0.565608 0.990032 0.567179 0.988436 0.563507 0.987904 0.561415 0.991768 0.560104 0.993336 0.556832 0.991880 0.552500 0.988044 0.552639 0.985804 0.556172 0.984208 0.557483 0.980624 0.558533 0.980624 0.561024 0.980372 0.565217
0 0.889820 0.581198 0.890464 0.582925 0.892760 0.582839 0.894608 0.581658 0.893880 0.580200 0.892396 0.579566 0.891024 0.579566
0 0.915608 0.577778 0.916588 0.579253 0.918604 0.579687 0.920340 0.578906 0.920088 0.577604 0.918604 0.576736 0.917456 0.576823
0 0.799772 0.574219 0.801284 0.576163 0.803692 0.578264 0.807640 0.576467 0.809460 0.573915 0.809460 0.570312 0.807052 0.569418 0.805372 0.568663 0.801424 0.569115 0.799156 0.571667
0 0.709780 0.570981 0.705776 0.569540 0.705244 0.565755 0.706700 0.561979 0.709976 0.559280 0.713616 0.559280 0.717424 0.560174 0.719244 0.561076 0.717424 0.563776 0.717424 0.568099 0.714708 0.568993 0.711236 0.568099
1 0.744136 0.562413 0.745088 0.565278 0.745536 0.567361 0.746656 0.569184 0.748252 0.568403 0.751752 0.566927 0.753068 0.564931 0.755700 0.562847 0.753768 0.561458 0.751416 0.562066 0.748588 0.561979 0.746404 0.561719
1 0.862268 0.528299 0.861484 0.530295 0.861932 0.534115 0.863948 0.535330 0.865348 0.533767 0.866412 0.532031 0.865096 0.530122 0.863416 0.529253
1 0.811504 0.562847 0.812540 0.564670 0.815536 0.563889 0.816852 0.561892 0.817020 0.560417 0.814724 0.560417 0.812540 0.560851
1 0.822900 0.566319 0.821304 0.568490 0.823768 0.570573 0.824748 0.573351 0.827548 0.572917 0.827380 0.571441 0.828584 0.569531 0.825952 0.569792 0.825084 0.565885
0 0.671840 0.570312 0.670776 0.571615 0.671140 0.573264 0.673856 0.573003 0.675872 0.571528 0.673940 0.570312
0 0.505688 0.588368 0.506752 0.589757 0.511232 0.590538 0.512016 0.588715 0.511400 0.586806 0.509916 0.585590 0.507284 0.586024
1 0.440420 0.572795 0.443080 0.575043 0.447224 0.574045 0.448008 0.571788 0.446104 0.570920 0.442940 0.571293
0 0.165684 0.567040 0.166048 0.569288 0.168204 0.571667 0.171620 0.572917 0.174140 0.572795 0.171872 0.570790 0.170612 0.567413 0.167840 0.567040
1 0.234088 0.547439 0.234760 0.549670 0.236608 0.550451 0.237140 0.548750 0.236860 0.546519
