0 0.196164 0.550365 0.196332 0.552014 0.199048 0.552465 0.200560 0.550964 0.200728 0.549618 0.198768 0.549019 0.197396 0.549019
0 0.130952 0.579167 0.130644 0.581562 0.131904 0.582917 0.134956 0.583542 0.136412 0.581250 0.136216 0.578333 0.132744 0.577708
0 0.079628 0.566493 0.078340 0.569375 0.079796 0.570816 0.082624 0.571155 0.085256 0.569774 0.086404 0.566137 0.082960 0.565955
0 0.868836 0.555938 0.870096 0.558438 0.872224 0.560208 0.874380 0.560764 0.876956 0.559063 0.878244 0.557031 0.879476 0.554896 0.879364 0.552813 0.877460 0.552188 0.876200 0.553021 0.875696 0.554861 0.873064 0.554375 0.870096 0.554583
0 0.830224 0.580417 0.833276 0.580790 0.834284 0.577795 0.833136 0.576042 0.831876 0.574540 0.829608 0.573420 0.828600 0.575790 0.828964 0.578290
0 0.852512 0.594913 0.852820 0.597465 0.856012 0.599714 0.859652 0.600920 0.858868 0.598516 0.857804 0.596120 0.858588 0.593863 0.856768 0.592517 0.854192 0.592517
1 0.886532 0.618021 0.885580 0.619375 0.886532 0.621354 0.888212 0.622812 0.890844 0.622708 0.890116 0.620625 0.888408 0.618021
1 0.653096 0.557231 0.655728 0.560859 0.662812 0.562674 0.667516 0.564488 0.673004 0.565009 0.678772 0.566042 0.679556 0.561641 0.678520 0.556710 0.674068 0.557231 0.669616 0.555156 0.663596 0.553863 0.658080 0.555677
1 0.685800 0.577639 0.685800 0.581415 0.688908 0.582318 0.692716 0.584115 0.697812 0.583759 0.700164 0.580877 0.699100 0.578715 0.695628 0.578533 0.692548 0.577101 0.690896 0.575660 0.687816 0.574575
0 0.692212 0.586771 0.691680 0.588437 0.694200 0.589896 0.696748 0.590104 0.699688 0.589063 0.699688 0.587708 0.700724 0.586562 0.703580 0.585000 0.699800 0.584792 0.698008 0.585208 0.694620 0.586042
0 0.722228 0.603290 0.722228 0.605920 0.726148 0.607292 0.729816 0.604792 0.729424 0.601545 0.727268 0.600920 0.724748 0.600295 0.722480 0.600920
0 0.600316 0.558229 0.601688 0.560104 0.604432 0.559792 0.607260 0.558333 0.607484 0.555938 0.605776 0.553854 0.603676 0.553854 0.600736 0.555000
0 0.704280 0.577917 0.704812 0.580165 0.707948 0.582040 0.712764 0.580668 0.714276 0.577543 0.713380 0.575165 0.711756 0.573793 0.709600 0.572413 0.706828 0.573793
1 0.730320 0.578915 0.728416 0.580417 0.726904 0.582917 0.729172 0.583168 0.731944 0.582917 0.732588 0.585668 0.735612 0.586918 0.737376 0.584670 0.736368 0.582795 0.734492 0.582040 0.732588 0.578168
1 0.696832 0.563863 0.697308 0.566719 0.699128 0.569271 0.703496 0.569870 0.707752 0.567917 0.708368 0.565964 0.704868 0.565217 0.699576 0.564913
1 0.713324 0.571007 0.714640 0.573698 0.716572 0.574392 0.719288 0.573698 0.719568 0.572569 0.719652 0.570920 0.717888 0.570312 0.715536 0.570399
1 0.576124 0.550634 0.577776 0.553880 0.586120 0.551536 0.585756 0.547040 0.586120 0.543793 0.587576 0.540738 0.588304 0.537318 0.586120 0.535339 0.582676 0.535694 0.581024 0.539115 0.578112 0.542899 0.579960 0.545061 0.578504 0.547934
1 0.510688 0.553064 0.515700 0.551719 0.517380 0.547517 0.516764 0.542865 0.515252 0.539271 0.511304 0.535069 0.509792 0.535964 0.509792 0.539870 0.510240 0.543316 0.511752 0.545113 0.510688 0.547517 0.508112 0.550668
1 0.528216 0.607292 0.527796 0.609583 0.527572 0.611250 0.529588 0.611771 0.531576 0.611563 0.532108 0.609375 0.530008 0.608542
1 0.465076 0.594618 0.463256 0.596562 0.465216 0.599418 0.469164 0.603464 0.472496 0.601970 0.471600 0.598967 0.468408 0.597170 0.468408 0.594167
0 0.424420 0.599271 0.425148 0.601042 0.427472 0.602292 0.429908 0.601562 0.430104 0.599167 0.429264 0.597083 0.426324 0.597604
0 0.348680 0.596424 0.351424 0.600469 0.353860 0.601293 0.358396 0.602023 0.360692 0.600469 0.361000 0.598186 0.359544 0.596293 0.357556 0.596502 0.355232 0.597127 0.353132 0.597535 0.351116 0.597127
