0 0.826836 0.498264 0.825884 0.499306 0.825884 0.500955 0.826752 0.501823 0.827620 0.504167 0.829132 0.505382 0.831316 0.505382 0.833080 0.504601 0.833584 0.502865 0.835628 0.501476 0.835964 0.499479 0.835628 0.498351 0.833864 0.497656 0.833080 0.499045 0.832716 0.501562 0.831680 0.501910 0.830364 0.500781 0.831932 0.498698 0.830448 0.498611 0.828516 0.499045
1 0.809476 0.536771 0.809896 0.539687 0.809896 0.541771 0.810960 0.543854 0.812304 0.543021 0.812724 0.542083 0.813900 0.542917 0.815468 0.543021 0.816532 0.541562 0.815580 0.541042 0.815468 0.539583 0.815468 0.538021 0.815160 0.536563 0.814208 0.536563 0.813676 0.537708 0.813256 0.538854 0.812528 0.539479 0.811884 0.538438 0.811576 0.537604 0.811156 0.536354 0.810428 0.536250
1 0.787356 0.512813 0.787356 0.514167 0.787692 0.516771 0.788840 0.516146 0.790324 0.514792 0.788644 0.513542
0 0.679276 0.542813 0.681264 0.542917 0.682104 0.541875 0.683672 0.541771 0.684736 0.541771 0.686304 0.540208 0.686416 0.538854 0.684848 0.538021 0.683252 0.538229 0.681908 0.539271 0.680116 0.540104
0 0.652284 0.528212 0.653432 0.527344 0.654552 0.526302 0.655084 0.524913 0.653936 0.524132 0.652732 0.524045 0.651500 0.524306 0.650968 0.524566 0.651136 0.525955 0.651136 0.527431
0 0.660096 0.517413 0.661860 0.517413 0.663484 0.518915 0.664996 0.520790 0.667292 0.520043 0.669560 0.518168 0.671072 0.515417 0.670316 0.513542 0.668552 0.512413 0.666004 0.512292 0.663624 0.513038 0.660964 0.514913
0 0.557896 0.495165 0.559800 0.495790 0.562824 0.495668 0.564840 0.494045 0.564588 0.491545 0.563468 0.490165 0.560808 0.489418 0.558792 0.489913 0.557784 0.491918
0 0.685268 0.521250 0.687368 0.521563 0.689580 0.520312 0.691148 0.518437 0.691260 0.516354 0.690112 0.515208 0.688208 0.514896 0.686528 0.516458 0.685464 0.518958
0 0.645172 0.520530 0.646964 0.520530 0.649372 0.519488 0.649792 0.517196 0.649064 0.515217 0.647916 0.514696 0.645900 0.514905 0.644752 0.516259 0.644332 0.518238
1 0.609416 0.482778 0.612132 0.486554 0.614148 0.490339 0.618320 0.490694 0.621596 0.492500 0.627616 0.491415 0.632684 0.492135 0.633972 0.487101 0.636688 0.484219 0.637416 0.479714 0.633412 0.481155 0.631228 0.482778 0.629240 0.479896 0.625768 0.482595 0.621960 0.483854 0.617060 0.482960 0.613420 0.483498
0 0.696692 0.562665 0.699268 0.562370 0.700024 0.560720 0.699128 0.558915 0.697140 0.558464 0.696076 0.560269
1 0.424252 0.534167 0.421844 0.534045 0.421732 0.536163 0.421088 0.539670 0.422348 0.541163 0.425260 0.542413 0.428676 0.543663 0.430188 0.545165 0.431840 0.546163 0.432708 0.544167 0.433604 0.544670 0.435004 0.546163 0.435872 0.544670 0.436012 0.542170 0.435004 0.541163 0.433716 0.542543 0.431336 0.541667 0.427780 0.541415 0.429040 0.539670 0.426772 0.540043 0.427416 0.537665 0.426268 0.535920
1 0.466224 0.491979 0.468744 0.492396 0.469696 0.490625 0.468856 0.488333 0.467484 0.486458 0.467148 0.483958 0.465888 0.483854 0.464432 0.485937 0.466000 0.487813 0.467260 0.490208
0 0.382644 0.542188 0.384128 0.541493 0.385612 0.540538 0.385444 0.538542 0.384296 0.538021 0.382364 0.538021 0.381832 0.540104
0 0.311048 0.539271 0.313372 0.539479 0.315780 0.538021 0.316312 0.535937 0.315360 0.535104 0.313988 0.535833 0.312000 0.536979
0 0.088308 0.519479 0.089680 0.517917 0.089372 0.516250 0.088728 0.514063 0.086740 0.514271 0.087048 0.516250 0.087356 0.518333
