0 0.946108 0.608793 0.948880 0.608915 0.951680 0.609288 0.954816 0.608793 0.954956 0.606163 0.953416 0.605790 0.951400 0.605790 0.948376 0.606545
0 0.876304 0.579861 0.877004 0.581858 0.878936 0.582639 0.880868 0.581597 0.882800 0.580295 0.884480 0.578559 0.882464 0.577865 0.879132 0.577865 0.877368 0.578299
0 0.800284 0.552977 0.799920 0.556398 0.801012 0.559635 0.806472 0.560894 0.807200 0.558559 0.806500 0.554427 0.803196 0.553516
0 0.718412 0.585556 0.716256 0.589514 0.718608 0.591675 0.723340 0.591675 0.727512 0.590061 0.727148 0.586276 0.726056 0.583394 0.722052 0.583394
0 0.703656 0.587986 0.705140 0.591589 0.709676 0.591589 0.713288 0.589245 0.712392 0.585469 0.709872 0.582943 0.705672 0.584210
1 0.543552 0.613819 0.545372 0.616814 0.548732 0.616068 0.550384 0.613663 0.550216 0.611563 0.549012 0.609019 0.547192 0.607214 0.544784 0.607813 0.545092 0.611719
1 0.534788 0.620885 0.538568 0.621780 0.541760 0.619227 0.540864 0.617283 0.540696 0.614436 0.542208 0.611580 0.541312 0.609635 0.541760 0.607231 0.539492 0.604983 0.537224 0.607378 0.536608 0.610530 0.535684 0.613385 0.534620 0.616380
1 0.432476 0.564497 0.436844 0.564497 0.441772 0.563238 0.442864 0.560174 0.441772 0.557656 0.443592 0.554601 0.443592 0.550634 0.440680 0.550634 0.438300 0.553333 0.436312 0.557474 0.433568 0.560894
1 0.430236 0.567917 0.431104 0.570295 0.432364 0.572292 0.434520 0.571163 0.436032 0.567795 0.433008 0.567040
1 0.462828 0.543542 0.462688 0.546163 0.464592 0.548290 0.465208 0.552665 0.466216 0.555417 0.467364 0.553420 0.467364 0.549670 0.468260 0.546415 0.468260 0.544288 0.465208 0.543663
1 0.401060 0.587153 0.403076 0.588281 0.405092 0.588194 0.406408 0.587500 0.406240 0.586198 0.404392 0.586024 0.402096 0.586111
0 0.302556 0.596962 0.303144 0.598958 0.305440 0.599392 0.307904 0.598872 0.309136 0.597743 0.307624 0.596788 0.306392 0.595486 0.304040 0.595833
0 0.277888 0.593021 0.276208 0.595521 0.276208 0.598021 0.279484 0.599375 0.282536 0.599583 0.285168 0.598021 0.284412 0.596146 0.281052 0.594688
0 0.004664 0.542543 0.004804 0.544913 0.007324 0.545538 0.010628 0.546042 0.012896 0.544540 0.011888 0.542170 0.009088 0.540043 0.006204 0.540295
