6 0.579844 0.271580 0.796340 0.263368 0.799392 0.334288 0.582448 0.342535
0 0.914444 0.514514 0.915676 0.515868 0.919008 0.516016 0.920212 0.514366 0.919764 0.512569 0.918252 0.511814 0.916292 0.512266
0 0.832012 0.542448 0.833692 0.542969 0.835792 0.541493 0.836128 0.539410 0.835008 0.538628 0.833328 0.538715 0.831844 0.540104
0 0.575616 0.536719 0.577380 0.537413 0.580096 0.536892 0.581748 0.535937 0.583428 0.534115 0.584464 0.531250 0.582644 0.531510 0.580880 0.532812 0.576932 0.534115
0 0.535800 0.525955 0.537004 0.526736 0.539552 0.526823 0.540168 0.525260 0.538684 0.524566 0.537900 0.523611 0.536304 0.524653
0 0.489376 0.545313 0.492008 0.546615 0.494388 0.546181 0.495340 0.544271 0.493856 0.543316 0.492008 0.542795 0.490076 0.542969
1 0.327872 0.493038 0.326864 0.496293 0.324708 0.500043 0.327732 0.501163 0.326108 0.503290 0.327116 0.506788 0.331792 0.505920 0.334956 0.505538 0.336468 0.502795 0.336832 0.500538 0.337980 0.495417 0.334564 0.495920 0.333696 0.493038 0.330784 0.492665
0 0.224916 0.526667 0.226960 0.527795 0.228584 0.529288 0.231636 0.528168 0.232896 0.526163 0.230992 0.525295 0.226428 0.525165
0 0.224496 0.516719 0.225756 0.514965 0.224888 0.513715 0.222228 0.512839 0.220716 0.512344 0.220716 0.513967 0.222480 0.515964
0 0.151052 0.535208 0.153040 0.536771 0.155056 0.535104 0.156624 0.533542 0.155168 0.532396 0.153040 0.530937 0.151276 0.531042 0.150632 0.532500
0 0.042916 0.458542 0.042524 0.460920 0.044036 0.464167 0.047200 0.465165 0.049972 0.463663 0.048712 0.461545 0.047312 0.459792 0.045800 0.458168
