1 0.964476 0.502839 0.965512 0.504748 0.969628 0.505833 0.971224 0.505208 0.970104 0.503924 0.967976 0.503377 0.965680 0.501467
1 0.984524 0.527014 0.983600 0.524184 0.980408 0.521988 0.977552 0.523715 0.979624 0.528429 0.983908 0.528585
0 0.917940 0.521189 0.917016 0.523906 0.919312 0.526172 0.922280 0.525720 0.922504 0.522552 0.920908 0.521189
0 0.599972 0.524340 0.602996 0.525130 0.604732 0.523403 0.604732 0.520095 0.601400 0.519002 0.599804 0.519939 0.599636 0.522144
0 0.422816 0.477240 0.422452 0.474965 0.423516 0.472135 0.424916 0.471007 0.426316 0.471415 0.426848 0.474323 0.426120 0.476597 0.424272 0.477144
0 0.312440 0.492092 0.314008 0.493359 0.316024 0.492630 0.317144 0.491450 0.317144 0.489905 0.316220 0.488906 0.314288 0.488906 0.312636 0.489905
0 0.198760 0.479253 0.196352 0.480017 0.197332 0.482318 0.199376 0.483420 0.201224 0.482465 0.199880 0.481007
1 0.236616 0.559905 0.239276 0.558993 0.240732 0.558333 0.240340 0.555061 0.237680 0.554931 0.235160 0.555972 0.234908 0.556632 0.234768 0.558854
1 0.242272 0.540747 0.246584 0.539175 0.247536 0.536814 0.246416 0.534141 0.242440 0.534922 0.240704 0.536658 0.240844 0.539010
1 0.195624 0.551059 0.195876 0.554470 0.201056 0.553550 0.205144 0.552109 0.206068 0.548576 0.204500 0.547786 0.198788 0.549358
1 0.965960 0.496007 0.969068 0.500017 0.972484 0.501562 0.976180 0.502014 0.976992 0.502014 0.979568 0.501745 0.978840 0.498012 0.977356 0.496554 0.977440 0.495460 0.980856 0.494740 0.986736 0.492734 0.991328 0.488733 0.989396 0.482726 0.983628 0.482813 0.977916 0.488368 0.970272 0.487500 0.966744 0.490712 0.970692 0.493056
0 0.912620 0.531875 0.911052 0.531458 0.908308 0.532188 0.908112 0.534375 0.908728 0.536563 0.911360 0.536875 0.913572 0.536458 0.914412 0.535417 0.914524 0.533854 0.913264 0.532708
