0 0.058240 0.450408 0.062356 0.451667 0.065856 0.449306 0.066640 0.445694 0.064568 0.442865 0.061544 0.441293 0.057428 0.442552 0.056336 0.445851
0 0.200144 0.453637 0.204708 0.453828 0.205660 0.449297 0.201460 0.448542 0.199556 0.450243
0 0.213276 0.446432 0.215012 0.449974 0.217392 0.449184 0.217784 0.447083 0.215124 0.444991
0 0.274988 0.450104 0.273252 0.452856 0.276052 0.456649 0.279496 0.455608 0.280952 0.453116 0.278964 0.449705
0 0.267960 0.444470 0.271012 0.447222 0.273140 0.445252 0.271012 0.442370 0.268492 0.441979
0 0.397600 0.442700 0.398916 0.445321 0.402080 0.445451 0.402752 0.442830 0.401156 0.440729 0.397992 0.440208
0 0.380520 0.446892 0.381836 0.448594 0.383936 0.446762 0.383292 0.445061 0.381976 0.445191
0 0.371252 0.446233 0.373492 0.448203 0.376516 0.446632 0.375060 0.444271 0.372568 0.444271
0 0.443380 0.445964 0.445312 0.448151 0.449624 0.447604 0.451556 0.444965 0.451192 0.441780 0.449344 0.438594 0.446768 0.438316 0.444192 0.438863 0.442260 0.441962
0 0.364028 0.462526 0.362460 0.461337 0.360248 0.461337 0.359240 0.463342 0.361088 0.465434 0.364028 0.464523
0 0.372176 0.454488 0.368732 0.455017 0.367388 0.457370 0.369908 0.458290 0.373100 0.458030 0.374024 0.455278
