0 0.296764 0.450738 0.299396 0.451606 0.300852 0.449644 0.298640 0.447786 0.296988 0.448767
0 0.307012 0.455104 0.310232 0.452153 0.311772 0.449427 0.314096 0.445825 0.315860 0.444618 0.315188 0.441233 0.315524 0.438941 0.318044 0.438941 0.320592 0.441345 0.320928 0.444288 0.320928 0.445825 0.322692 0.446806 0.322020 0.449566 0.320452 0.451563 0.316280 0.452370 0.314320 0.455868 0.310008 0.459253 0.306256 0.457066
0 0.533476 0.449583 0.537480 0.453924 0.542240 0.453733 0.542436 0.450339 0.537648 0.449201 0.533476 0.447500
0 0.593732 0.459583 0.598296 0.458073 0.599640 0.453924 0.593340 0.455052
0 0.571024 0.452413 0.574832 0.451840 0.573712 0.448637 0.570660 0.450148
0 0.565312 0.476936 0.569120 0.475998 0.572368 0.472830 0.570660 0.469010 0.566068 0.472595
6 0.547364 0.276901 0.548176 0.206806 0.767024 0.208160 0.768396 0.277717
0 0.722028 0.455017 0.724156 0.457370 0.728244 0.456944 0.727740 0.453177 0.723876 0.452396
0 0.753024 0.460911 0.756860 0.461563 0.760976 0.458811 0.760976 0.454618 0.757252 0.453967 0.752744 0.455668 0.751428 0.458030
0 0.807204 0.450981 0.806560 0.454071 0.808408 0.457344 0.811628 0.458351 0.815492 0.458168 0.817592 0.455799 0.818152 0.452161 0.817788 0.449792 0.816500 0.448976 0.814484 0.448160 0.810620 0.448342
0 0.841308 0.454948 0.840496 0.457622 0.841588 0.460443 0.843800 0.461441 0.847384 0.459531 0.848588 0.457439 0.848392 0.456259 0.845564 0.454340 0.843520 0.453976
0 0.370488 0.453125 0.374716 0.453394 0.377124 0.451814 0.375388 0.449332 0.372868 0.449462 0.371160 0.450773
0 0.567328 0.401207 0.568028 0.400069 0.566628 0.399297 0.565144 0.399297 0.563912 0.399905 0.563464 0.400773 0.564444 0.401979 0.566460 0.402413
0 0.578696 0.470573 0.579032 0.469618 0.578780 0.468837 0.578864 0.467795 0.577716 0.467101 0.576568 0.467535 0.575700 0.468403 0.575700 0.469184 0.575952 0.470139 0.576400 0.470486 0.577100 0.470833 0.577996 0.470833
