0 0.849136 0.457387 0.851740 0.456198 0.852188 0.458837 0.849528 0.460382 0.848604 0.458750
2 0.513696 0.554948 0.505436 0.558168 0.500872 0.560417 0.498856 0.560295 0.497232 0.560295 0.496476 0.562292 0.499864 0.563663 0.503924 0.564045 0.510112 0.563038 0.511484 0.562040 0.516132 0.560417 0.514732 0.556163
0 0.047076 0.451432 0.050128 0.454262 0.054692 0.452752 0.055280 0.449731 0.053544 0.448030 0.049932 0.447465 0.048028 0.448030
0 0.220704 0.444297 0.223728 0.446024 0.227228 0.446337 0.226892 0.442717 0.224820 0.440208 0.222440 0.439887 0.221012 0.441623
0 0.452376 0.447691 0.452012 0.451840 0.453356 0.454106 0.457136 0.454297 0.460384 0.451658 0.460188 0.447318 0.458676 0.445616 0.454868 0.445616
0 0.495664 0.440642 0.497932 0.439983 0.497260 0.437500 0.495804 0.437361 0.494628 0.438672
0 0.594644 0.455998 0.594364 0.458620 0.596744 0.458359 0.599264 0.456649 0.599544 0.454557 0.597948 0.453898 0.595960 0.454557
0 0.671784 0.458524 0.674164 0.458924 0.676292 0.457613 0.677468 0.455122 0.675088 0.453550 0.672316 0.453811 0.671504 0.456172
0 0.770960 0.453863 0.775328 0.454253 0.779948 0.453602 0.779556 0.451892 0.775328 0.449931 0.772668 0.449931 0.771212 0.452292
0 0.797308 0.448750 0.799940 0.448490 0.802068 0.447179 0.801928 0.445477 0.798484 0.445998 0.796636 0.447439
0 0.844544 0.451554 0.847960 0.453516 0.850956 0.452205 0.852720 0.449913 0.853056 0.446753 0.851264 0.444236 0.848296 0.443142 0.846868 0.443255 0.845328 0.445113 0.843760 0.447405
