0 0.169920 0.468611 0.173336 0.468993 0.176108 0.467361 0.173476 0.465868 0.169304 0.465868
0 0.166252 0.459618 0.170816 0.460243 0.175240 0.458863 0.173224 0.456363 0.168912 0.455113 0.165888 0.454861 0.165636 0.457986
0 0.153372 0.435486 0.156928 0.436988 0.159056 0.436241 0.159308 0.431988 0.155892 0.430365 0.152616 0.432986
0 0.162976 0.448741 0.164740 0.450486 0.167036 0.449991 0.165636 0.447240 0.163620 0.447240
0 0.176612 0.437743 0.178908 0.439115 0.181932 0.439488 0.182044 0.437491 0.179524 0.436363 0.177368 0.436363
0 0.193300 0.427118 0.196212 0.429991 0.198340 0.431493 0.199880 0.428863 0.198844 0.425616 0.195064 0.424488
0 0.232836 0.427040 0.232836 0.430495 0.231520 0.432656 0.235692 0.433333 0.236784 0.428984
0 0.223036 0.422144 0.225136 0.424401 0.228468 0.424227 0.228020 0.421189 0.226872 0.418759 0.224520 0.420061
0 0.211192 0.420842 0.215476 0.422057 0.218556 0.422491 0.218192 0.420321 0.214776 0.418672 0.212760 0.418411
0 0.145476 0.424384 0.145588 0.427509 0.149172 0.429592 0.152336 0.429175 0.153176 0.425738 0.151048 0.423550 0.147380 0.422717
0 0.224492 0.482552 0.228496 0.486094 0.232052 0.484844 0.229532 0.480260 0.225640 0.479844
0 0.101124 0.416198 0.104708 0.418073 0.107004 0.417535 0.106612 0.415573 0.103224 0.414115
0 0.480832 0.400174 0.488728 0.402431 0.492816 0.401528 0.493124 0.398082 0.488728 0.395226 0.482204 0.393880 0.479460 0.397474
0 0.249384 0.476363 0.249216 0.473585 0.248432 0.472891 0.246920 0.473411 0.246136 0.476016 0.246052 0.478533 0.247984 0.479488 0.249300 0.479314
0 0.173924 0.438776 0.173308 0.438516 0.172692 0.439210 0.172244 0.440252 0.172328 0.441120 0.173028 0.441467 0.174008 0.441380 0.174708 0.440078 0.174624 0.439470
0 0.171012 0.437908 0.170844 0.436519 0.170144 0.436172 0.169360 0.435825 0.168660 0.436432 0.168744 0.438082 0.169444 0.438689 0.169696 0.438776
