0 0.619148 0.520573 0.623964 0.519670 0.627156 0.518082 0.628080 0.516059 0.627856 0.513550 0.625812 0.510608 0.623292 0.509028 0.620296 0.508351 0.617104 0.508351 0.614360 0.511068 0.612288 0.513550 0.612988 0.517179 0.614808 0.519670 0.616628 0.520122
0 0.591792 0.535677 0.591568 0.532734 0.589048 0.531597 0.585380 0.533411 0.584708 0.534540 0.584932 0.536806 0.587228 0.537491 0.590196 0.537257
0 0.393944 0.490017 0.394224 0.488194 0.392516 0.486675 0.390304 0.488038 0.390080 0.490191 0.391676 0.490885
7 0.263940 0.347049 0.263072 0.258507 0.594872 0.260773 0.595516 0.349306
0 0.190188 0.491927 0.190468 0.489748 0.188284 0.488116 0.185540 0.488116 0.184700 0.489201 0.185708 0.491406 0.186856 0.492448 0.188872 0.492969
0 0.303868 0.506337 0.305688 0.502865 0.303756 0.498160 0.299808 0.498160 0.295440 0.501285 0.295692 0.505208 0.298996 0.507153
0 0.816996 0.514939 0.819992 0.513281 0.817808 0.511128 0.813972 0.510590 0.813972 0.513845
0 0.597672 0.493403 0.597812 0.491571 0.596580 0.490625 0.594872 0.491172 0.594340 0.492483 0.595404 0.493793 0.596356 0.494323
0 0.635164 0.503733 0.636816 0.501450 0.634856 0.500148 0.633540 0.502752
0 0.654764 0.505590 0.656976 0.502873 0.656976 0.500425 0.654764 0.499609 0.652300 0.500425 0.650648 0.502873 0.650648 0.504774 0.652860 0.505859
0 0.598988 0.524175 0.601452 0.520911 0.600080 0.517656 0.596776 0.517378 0.594592 0.520911 0.594816 0.523351 0.597336 0.524991
0 0.643872 0.510382 0.643340 0.507726 0.641128 0.506311 0.638496 0.506424 0.636844 0.507986 0.637012 0.509705 0.638608 0.511068 0.640428 0.512196 0.642192 0.511892
0 0.998212 0.508611 0.994628 0.508741 0.993172 0.509783 0.992668 0.512144 0.993172 0.513845 0.994376 0.515026 0.996644 0.514505 0.998352 0.513984 0.999668 0.512674 0.999556 0.509262
