0 0.174624 0.532543 0.169864 0.531606 0.164712 0.533490 0.166616 0.537075 0.169108 0.539149 0.173504 0.538958 0.174820 0.536693
1 0.183416 0.522543 0.180924 0.519340 0.180924 0.515000 0.186272 0.510842 0.187028 0.517075 0.189128 0.520095 0.194476 0.526884 0.188540 0.527830 0.182828 0.526510
0 0.179132 0.505642 0.180588 0.501719 0.178740 0.500278 0.177564 0.502891 0.177564 0.504071
0 0.188400 0.486120 0.192124 0.487960 0.193188 0.485599 0.191844 0.484418 0.189352 0.484418
0 0.175436 0.526745 0.175184 0.524644 0.172384 0.524774 0.172384 0.527526
0 0.323528 0.500747 0.325936 0.499002 0.324312 0.496814 0.320980 0.497474 0.320532 0.500964 0.321876 0.501510
1 0.689516 0.532040 0.684672 0.531710 0.685456 0.536953 0.688956 0.537387 0.691168 0.534878
1 0.188764 0.534809 0.187364 0.533420 0.186216 0.532292 0.184256 0.531042 0.183612 0.530295 0.183248 0.531415 0.184368 0.533915 0.186020 0.535538 0.187532 0.536788 0.188792 0.537170 0.189044 0.536163
0 0.785752 0.483038 0.787796 0.481667 0.788300 0.480417 0.786788 0.479288 0.785752 0.479167 0.784128 0.479540 0.783372 0.480295 0.783736 0.482040
0 0.684812 0.553316 0.683524 0.553316 0.682180 0.553733 0.682180 0.555295 0.682684 0.556233 0.684168 0.556337 0.686156 0.555920 0.686156 0.554983 0.685652 0.554253
0 0.495168 0.542196 0.493684 0.541467 0.492200 0.541467 0.490744 0.542509 0.489792 0.543759 0.490212 0.545009 0.492424 0.545634 0.494412 0.544696
