0 0.023908 0.514132 0.027212 0.517665 0.029676 0.516580 0.030516 0.514401 0.028584 0.511684 0.025840 0.512500
0 0.186140 0.566814 0.188072 0.569800 0.191348 0.569800 0.194092 0.567083 0.191348 0.565182 0.188324 0.565729
0 0.289824 0.521806 0.289236 0.525582 0.292092 0.525964 0.293632 0.523698 0.294780 0.520868 0.292092 0.521623
0 0.312896 0.527092 0.311160 0.528602 0.312896 0.530486 0.314996 0.528602
0 0.302004 0.522752 0.302396 0.525773 0.303908 0.525208 0.305252 0.524262 0.304496 0.522187
0 0.644248 0.527986 0.643100 0.531832 0.649960 0.532509 0.651584 0.528438 0.648588 0.528212
0 0.713128 0.531155 0.712428 0.535000 0.715872 0.535451 0.716544 0.531832
0 0.723880 0.532734 0.723180 0.533620 0.726148 0.535885 0.726624 0.533194
0 0.770108 0.528663 0.769632 0.533420 0.774896 0.534774 0.775596 0.530929 0.774224 0.530017
0 0.671688 0.531606 0.665752 0.530703 0.665752 0.532960 0.669420 0.533194
0 0.783128 0.524583 0.781756 0.528212 0.785424 0.528663 0.786348 0.525269
0 0.878804 0.536502 0.878160 0.538594 0.879728 0.538776 0.881744 0.538507 0.882472 0.536319 0.880540 0.535590
0 0.904900 0.534809 0.905404 0.537057 0.908260 0.537604 0.909352 0.535694 0.908904 0.534332 0.906132 0.533602
1 0.115216 0.549687 0.118884 0.549844 0.121572 0.550156 0.123504 0.550156 0.124764 0.550156 0.123812 0.549375 0.122692 0.548116 0.119024 0.547960 0.115860 0.547960
