1 0.176136 0.523168 0.180812 0.521788 0.183080 0.520165 0.185600 0.518663 0.185208 0.517292 0.183584 0.517292 0.181064 0.517795 0.177900 0.519167 0.176640 0.520165 0.175744 0.520668
1 0.486768 0.485911 0.484332 0.485217 0.483268 0.486345 0.482736 0.487908 0.483100 0.489905 0.485284 0.489384 0.486880 0.487995 0.486768 0.486953
0 0.008164 0.517795 0.010712 0.518316 0.011832 0.517535 0.012364 0.516059 0.011160 0.514236 0.009732 0.513281 0.008164 0.513108 0.006680 0.516059 0.006932 0.516406
1 0.484136 0.469792 0.484332 0.464028 0.480692 0.462951 0.476520 0.464748 0.477612 0.468351 0.481252 0.469609
1 0.488504 0.453047 0.488700 0.455391 0.492340 0.457170 0.493432 0.454306 0.492872 0.451606 0.490688 0.450530
1 0.488588 0.475781 0.487888 0.473524 0.488504 0.471615 0.489120 0.470573 0.490604 0.469271 0.486572 0.468837 0.484556 0.470920 0.485340 0.474392 0.487356 0.475521
1 0.494076 0.466276 0.495588 0.464800 0.497156 0.464106 0.496092 0.461849 0.493908 0.461762 0.490324 0.462717 0.490240 0.464714 0.491892 0.466016
1 0.492676 0.481380 0.492424 0.479384 0.493460 0.477734 0.495588 0.477474 0.496288 0.475998 0.494692 0.474870 0.491976 0.476519 0.490576 0.477821 0.490940 0.480599 0.492424 0.481727
1 0.493740 0.490668 0.495924 0.490495 0.497604 0.491623 0.495924 0.492752 0.494692 0.492925 0.493824 0.492057
0 0.890108 0.524653 0.889548 0.528073 0.893748 0.530417 0.896660 0.528793 0.897752 0.524653 0.894112 0.524297
