0 0.656304 0.534184 0.653280 0.531936 0.655100 0.530139 0.659804 0.530286 0.658600 0.532535
0 0.588992 0.562474 0.591372 0.562231 0.592884 0.561198 0.592016 0.560226 0.589608 0.560104
7 0.291268 0.363559 0.290540 0.276997 0.619036 0.277708 0.620548 0.362066
0 0.304624 0.535790 0.305912 0.532422 0.305408 0.528533 0.300144 0.527500 0.298856 0.529054 0.298324 0.533976 0.301740 0.535530
0 0.397080 0.523090 0.398900 0.518168 0.397080 0.516354 0.393412 0.517908 0.391844 0.520495 0.394728 0.523872
0 0.616908 0.548759 0.614696 0.543776 0.614696 0.539740 0.623488 0.536936 0.626008 0.536623 0.630404 0.539427 0.631664 0.543160 0.624440 0.546267
0 0.598036 0.551363 0.600416 0.551363 0.601508 0.548125 0.599296 0.546701 0.597308 0.547769
0 0.640792 0.540564 0.636788 0.539123 0.636256 0.536224 0.639896 0.535347 0.644432 0.535530 0.646084 0.538047 0.643704 0.539488
0 0.398816 0.532118 0.398704 0.531120 0.396044 0.531493 0.395036 0.533993 0.395540 0.535990 0.396156 0.536745 0.398816 0.536493 0.399712 0.534366
0 0.999556 0.538785 0.998492 0.538368 0.996280 0.537951 0.995020 0.538160 0.993872 0.538368 0.992920 0.539201 0.993004 0.541181 0.994180 0.543368 0.995748 0.544410 0.997540 0.544618 0.998688 0.544306 0.999024 0.544097 0.999640 0.543785
1 0.815960 0.541389 0.819936 0.542283 0.821392 0.542465 0.823240 0.541562 0.823408 0.540486 0.822316 0.539948 0.819600 0.538689 0.816688 0.538325 0.815036 0.539227
0 0.936024 0.572865 0.934512 0.571519 0.933280 0.571068 0.931180 0.571970 0.931320 0.574670 0.933588 0.575564 0.936024 0.574670
