1 0.711184 0.500330 0.712556 0.502830 0.713816 0.502075 0.712556 0.499453
1 0.808708 0.513359 0.810640 0.515182 0.811956 0.515356 0.812488 0.514401 0.812208 0.513012 0.810724 0.511623 0.809324 0.512231
1 0.792384 0.496363 0.794764 0.494800 0.796696 0.492891 0.797228 0.488811 0.794932 0.487509 0.793448 0.489245 0.794316 0.491502 0.791880 0.492717 0.791432 0.495408
1 0.805460 0.501328 0.804928 0.499323 0.805460 0.497830 0.807336 0.499201 0.806972 0.500955
1 0.745260 0.515451 0.743916 0.517326 0.746436 0.518576 0.748004 0.517326 0.747696 0.515868
1 0.731904 0.512118 0.735908 0.512639 0.741368 0.512639 0.745596 0.510660 0.745680 0.507847 0.742544 0.507639 0.740528 0.507951 0.736748 0.508785 0.733584 0.509618
1 0.751476 0.508993 0.750020 0.506910 0.751896 0.505139 0.754220 0.506389 0.755284 0.507743 0.752960 0.508993
1 0.744840 0.521493 0.742740 0.523264 0.743692 0.525347 0.745904 0.526181 0.746968 0.524410 0.746968 0.522743
1 0.726752 0.530556 0.728208 0.529097 0.729048 0.526910 0.727368 0.525243 0.725072 0.525868 0.723588 0.527951 0.724736 0.529410 0.725156 0.530035
6 0.581768 0.355069 0.580816 0.285712 0.798012 0.281667 0.800196 0.351649
1 0.754696 0.513229 0.756516 0.516476 0.759792 0.520069 0.760856 0.522769 0.764160 0.525113 0.762312 0.526910 0.759596 0.527092 0.756320 0.522769 0.754696 0.519896 0.753604 0.517734 0.752512 0.515217 0.752512 0.513411
0 0.066148 0.562587 0.067912 0.559149 0.063964 0.557856 0.060044 0.558724 0.059176 0.562396 0.060268 0.565417 0.064412 0.564557
