7 0.629592 0.387439 0.629228 0.301224 0.954728 0.297118 0.955484 0.384462
0 0.002196 0.544514 0.005304 0.544948 0.007404 0.545278 0.008048 0.543203 0.007068 0.540903 0.004408 0.540582 0.002756 0.541128 0.002196 0.542335
0 0.183776 0.527951 0.185092 0.527161 0.186408 0.525200 0.187724 0.523359 0.187080 0.521267 0.185232 0.521137 0.184028 0.522179 0.182320 0.524019 0.182320 0.526111
0 0.295776 0.532196 0.299080 0.530486 0.300284 0.526563 0.298016 0.523411 0.294040 0.523151 0.291800 0.524592 0.291016 0.526823 0.291548 0.530095 0.293116 0.531276
0 0.308432 0.545868 0.308992 0.546953 0.310756 0.547500 0.313864 0.547717 0.314732 0.545868 0.313612 0.543134 0.310868 0.543134 0.309104 0.543898
0 0.359476 0.549479 0.360568 0.551033 0.363200 0.550773 0.365552 0.548776 0.364852 0.545825 0.362808 0.545052 0.360708 0.545833 0.359476 0.547396
0 0.468172 0.553325 0.469684 0.553924 0.471952 0.553924 0.473016 0.552431 0.472120 0.550781 0.469992 0.550174 0.467276 0.550929
0 0.553796 0.604792 0.554804 0.606293 0.557576 0.606788 0.558472 0.605538 0.558332 0.603663 0.557212 0.602413 0.555308 0.602040 0.553544 0.602786
0 0.738736 0.559462 0.743076 0.560009 0.745988 0.557127 0.745456 0.554965 0.742740 0.553342 0.741284 0.552804 0.739464 0.552266 0.737448 0.552266 0.734732 0.554063 0.733444 0.556762 0.735628 0.559288
0 0.865268 0.556927 0.867088 0.559627 0.870728 0.560382 0.872268 0.559479 0.873612 0.557075 0.873612 0.553481 0.870448 0.552578 0.866948 0.552578 0.865436 0.554375
1 0.797480 0.565877 0.795828 0.567700 0.795744 0.569957 0.796864 0.571259 0.800028 0.572908 0.802576 0.572821 0.803808 0.571259 0.803808 0.570738 0.803556 0.569349 0.802744 0.568134 0.800812 0.567005
1 0.808904 0.569957 0.810136 0.570304 0.811872 0.570564 0.813804 0.569601 0.813972 0.569262 0.813468 0.568655 0.811172 0.567526 0.809072 0.567960
1 0.828644 0.551554 0.829848 0.549818 0.831864 0.549818 0.833376 0.550686 0.832228 0.551554 0.831360 0.553108 0.827916 0.553377 0.826264 0.554679 0.823548 0.556241 0.823996 0.554071 0.826180 0.552595
1 0.817136 0.548950 0.819684 0.549036 0.821784 0.547561 0.820832 0.546163 0.819320 0.545130 0.817416 0.545217 0.816604 0.547031
1 0.802744 0.545651 0.803892 0.544696 0.807308 0.543655 0.808820 0.541311 0.808008 0.538446 0.804508 0.540443 0.802576 0.543307
1 0.779644 0.535486 0.782500 0.535686 0.785132 0.534549 0.784292 0.532465 0.781436 0.531415 0.779140 0.532248
1 0.759596 0.556936 0.762564 0.557457 0.765196 0.556207 0.764132 0.554748 0.760016 0.554748
1 0.883020 0.524592 0.885344 0.524800 0.887640 0.523446 0.887024 0.519905 0.883972 0.520530 0.882488 0.522092
1 0.889740 0.524800 0.892372 0.524384 0.894052 0.524592 0.895452 0.526675 0.896488 0.527509 0.898280 0.528030 0.898084 0.526363 0.898084 0.523342 0.895452 0.521988 0.890916 0.522613 0.889012 0.523550
1 0.886380 0.560556 0.891616 0.562283 0.893576 0.558828 0.890944 0.555365 0.887668 0.557092
1 0.911748 0.562500 0.911916 0.560938 0.914548 0.559635 0.914464 0.556771 0.911328 0.557639 0.910628 0.561458
