0 0.161276 0.527170 0.157468 0.524028 0.153828 0.524505 0.156684 0.528116 0.159064 0.529219
0 0.165420 0.509722 0.162256 0.507674 0.158280 0.508464 0.162256 0.511137 0.165420 0.511606
0 0.286324 0.510998 0.284952 0.508264 0.282544 0.508264 0.282012 0.510816 0.284756 0.512274
0 0.291644 0.512179 0.292400 0.515095 0.293576 0.515634 0.296348 0.514089 0.296180 0.511910 0.293492 0.512179
0 0.570328 0.506328 0.567136 0.506068 0.565288 0.507769 0.566632 0.510521 0.569796 0.511441 0.572848 0.510000 0.572708 0.507639
1 0.424700 0.470095 0.427472 0.469661 0.430440 0.469661 0.430216 0.467908 0.425596 0.467908 0.422936 0.468351
0 0.711224 0.528811 0.706604 0.529123 0.705512 0.531484 0.707892 0.533368 0.710748 0.533681 0.711700 0.532422
1 0.497192 0.490365 0.508112 0.488420 0.510996 0.486615 0.505676 0.486163 0.499628 0.487370 0.494168 0.488116 0.494308 0.489618
0 0.183956 0.511918 0.186224 0.511042 0.185104 0.509540 0.183704 0.509288 0.181800 0.509540 0.181184 0.510043 0.180288 0.511293 0.181940 0.512040
0 0.855424 0.519601 0.854416 0.518976 0.852904 0.519227 0.852652 0.520226 0.853268 0.521727 0.854416 0.521979 0.855564 0.522101 0.856180 0.520729
0 0.846576 0.511979 0.845820 0.511102 0.844196 0.511476 0.843804 0.513108 0.845064 0.514731 0.846968 0.514479
