1 0.123276 0.520043 0.125264 0.528655 0.128820 0.524740 0.128820 0.519262
1 0.198820 0.522396 0.203944 0.524349 0.207892 0.524349 0.205120 0.520043 0.201172 0.520043
1 0.560608 0.522552 0.564164 0.519418 0.561420 0.516684 0.558256 0.519418
6 0.370292 0.322092 0.373008 0.251102 0.590960 0.258542 0.589588 0.328854
1 0.604428 0.467292 0.610728 0.467292 0.615124 0.464844 0.612660 0.461311 0.609916 0.457778 0.606612 0.461042
1 0.862644 0.503550 0.867236 0.503099 0.868608 0.500608 0.867684 0.498342 0.863568 0.499253 0.862196 0.500608
1 0.875020 0.520304 0.875468 0.517587 0.872052 0.517361 0.871352 0.519627 0.873172 0.520304
1 0.950340 0.487960 0.948380 0.485616 0.949556 0.481311 0.954288 0.480920 0.955100 0.486007 0.954288 0.487569
1 0.926204 0.502995 0.923488 0.502995 0.921836 0.505148 0.922928 0.508568 0.927800 0.508767 0.930012 0.507465 0.929116 0.504253
1 0.536836 0.459497 0.537536 0.458802 0.537872 0.458021 0.537452 0.457153 0.536388 0.456632 0.535408 0.457240 0.534988 0.458108 0.534708 0.458976 0.534624 0.459497 0.535072 0.459757 0.535688 0.460278
1 0.557136 0.478681 0.556520 0.478056 0.555988 0.477639 0.554504 0.477326 0.554392 0.477222 0.553664 0.478576 0.553776 0.478993 0.554084 0.480451 0.554616 0.481181 0.556296 0.481076 0.557360 0.480347
1 0.927548 0.480000 0.927548 0.478229 0.927212 0.476875 0.925420 0.477083 0.924160 0.478021 0.923544 0.478854 0.923124 0.479688 0.922900 0.480833 0.923544 0.481979 0.924916 0.482708 0.926176 0.482604 0.926792 0.481979 0.927128 0.481250
1 0.930824 0.460990 0.933204 0.461076 0.933904 0.460729 0.933288 0.459601 0.931440 0.459080 0.931272 0.458733 0.930572 0.458385 0.929732 0.458333 0.928808 0.459427 0.928556 0.460208 0.928472 0.460816 0.929340 0.461250
1 0.869112 0.542622 0.871492 0.542882 0.873592 0.543056 0.874992 0.542274 0.874376 0.541840 0.871940 0.541059 0.870260 0.540712 0.868860 0.540625 0.868160 0.540278 0.868076 0.540538 0.867992 0.541927 0.868244 0.542274
