1 0.480876 0.483767 0.482556 0.480382 0.479056 0.478186 0.476704 0.478368 0.477600 0.482509
1 0.489080 0.474766 0.486336 0.475130 0.483984 0.473325 0.483060 0.471710 0.483620 0.469184 0.485972 0.469010 0.489808 0.470451 0.490704 0.472431
1 0.517136 0.511988 0.514308 0.510477 0.514756 0.508099 0.516324 0.504427 0.519124 0.506163 0.521084 0.509184
1 0.503640 0.505903 0.505180 0.503307 0.503220 0.501363 0.500812 0.501363 0.498852 0.501797 0.499720 0.505469 0.501708 0.505903
1 0.491012 0.499783 0.492608 0.496675 0.491964 0.493559 0.489136 0.492005 0.486000 0.492318 0.486000 0.496363 0.487232 0.499470
1 0.497452 0.518342 0.497788 0.515469 0.495604 0.515286 0.494876 0.516545 0.496164 0.518342
1 0.493784 0.509297 0.495100 0.506128 0.494428 0.504714 0.491236 0.506562 0.489920 0.507769 0.489696 0.510061 0.491236 0.510391
1 0.503388 0.496849 0.505236 0.497300 0.508260 0.496936 0.508904 0.496484 0.509100 0.496120 0.508260 0.495486 0.506328 0.495026 0.504228 0.494479 0.503024 0.494210 0.502464 0.494939
0 0.082996 0.530530 0.082828 0.529019 0.080532 0.528637 0.078628 0.529019 0.077480 0.530148 0.077872 0.532413 0.078432 0.532786 0.081484 0.532604
0 0.103996 0.530903 0.104360 0.529201 0.103996 0.528073 0.101308 0.527691 0.099600 0.528446 0.099208 0.529583 0.099040 0.531658 0.101308 0.532222
1 0.501848 0.486892 0.504396 0.486024 0.506580 0.483872 0.510528 0.481493 0.508680 0.479427 0.505292 0.480200 0.501568 0.479332 0.490956 0.484549 0.490536 0.488281 0.499300 0.487066
0 0.623144 0.551128 0.621128 0.551623 0.619112 0.549106 0.618048 0.546944 0.620764 0.545148 0.623844 0.545148 0.624208 0.549644
