0 0.207188 0.508715 0.200636 0.505686 0.199768 0.500503 0.203268 0.496615 0.206768 0.497700 0.209372 0.500938 0.209372 0.505469
0 0.225528 0.470477 0.227516 0.470260 0.229224 0.467891 0.227040 0.464644 0.224240 0.465729 0.223148 0.469184
0 0.209876 0.471675 0.215448 0.470556 0.216960 0.469427 0.217464 0.467049 0.216204 0.465425 0.213544 0.463299 0.209876 0.464306 0.207356 0.465556 0.207748 0.468924
0 0.202932 0.478056 0.206460 0.477049 0.207496 0.474800 0.203828 0.473924 0.202932 0.474549 0.202428 0.475425 0.201168 0.475556 0.200412 0.477674 0.202064 0.478550
0 0.215084 0.446675 0.217968 0.446806 0.220628 0.445174 0.219872 0.441927 0.216820 0.441927 0.215308 0.443924
0 0.196996 0.470799 0.200776 0.468924 0.200916 0.466675 0.197248 0.466927 0.195484 0.469306
0 0.187644 0.471554 0.190696 0.471927 0.192068 0.469054 0.189044 0.468177 0.186636 0.469800
0 0.197276 0.451424 0.198424 0.452049 0.200636 0.451424 0.199488 0.450382 0.198312 0.449965
0 0.196408 0.510747 0.199740 0.512839 0.203212 0.513594 0.202764 0.510747 0.200356 0.509696 0.196996 0.508490
0 0.215504 0.500938 0.211584 0.493229 0.209820 0.487934 0.216484 0.490365 0.221328 0.495573 0.220068 0.502448 0.217240 0.502448
0 0.238408 0.450521 0.236952 0.449392 0.235776 0.449219 0.234908 0.449913 0.234908 0.451476 0.235972 0.452778 0.236840 0.453125 0.238156 0.452604
0 0.214580 0.500226 0.213824 0.500668 0.213208 0.501875 0.213376 0.504271 0.214132 0.506068 0.214580 0.508168 0.214888 0.509670 0.216092 0.508021 0.216848 0.507118 0.217464 0.505469 0.216400 0.501719 0.216232 0.500521
1 0.219144 0.578663 0.221552 0.576788 0.222308 0.575790 0.219928 0.576545 0.218136 0.577292 0.217380 0.578290 0.217520 0.578915
0 0.206852 0.521267 0.205088 0.520747 0.203940 0.520660 0.202820 0.521528 0.202820 0.523003 0.204724 0.524740 0.207468 0.524566 0.208336 0.523785 0.207188 0.522222
0 0.254788 0.509957 0.251792 0.509175 0.250476 0.509783 0.249860 0.511780 0.250756 0.513602 0.253024 0.514036 0.254592 0.514123 0.254956 0.512040
0 0.245996 0.507734 0.242356 0.507587 0.240536 0.508941 0.239948 0.511337 0.240536 0.513889 0.244176 0.514184 0.245996 0.513733 0.246612 0.512535 0.246612 0.509687
0 0.213712 0.476155 0.212452 0.476328 0.211696 0.477457 0.212312 0.478411 0.213964 0.478238 0.214916 0.477977 0.214832 0.477023
0 0.220208 0.448325 0.217464 0.448845 0.215364 0.449366 0.215056 0.450512 0.216848 0.451554 0.217156 0.451866 0.217380 0.453220 0.219060 0.452595 0.218836 0.451345 0.219256 0.450512 0.220432 0.449575
0 0.195764 0.453698 0.195232 0.453264 0.193832 0.453351 0.193384 0.453872 0.193132 0.455087 0.194000 0.456215 0.195932 0.456649 0.196296 0.455694 0.196296 0.454219
