0 0.754548 0.524627 0.755164 0.528090 0.759000 0.528715 0.761212 0.526198 0.760428 0.523368 0.756116 0.522587
0 0.361036 0.528316 0.364592 0.523420 0.362408 0.519887 0.359384 0.520981 0.357732 0.524236
0 0.734836 0.512830 0.731812 0.509687 0.731812 0.505911 0.736096 0.505443 0.738952 0.508273 0.738336 0.511580
0 0.729124 0.535634 0.724672 0.538464 0.725932 0.540035 0.728956 0.540035 0.730216 0.538151
0 0.749620 0.523837 0.745168 0.524939 0.744524 0.528715 0.748976 0.529661 0.749928 0.529028 0.751048 0.526510
0 0.737048 0.533906 0.736096 0.538620 0.739932 0.539878 0.740408 0.536892 0.739596 0.534531
0 0.692136 0.522821 0.692444 0.525339 0.694992 0.525651 0.695468 0.523134
0 0.891580 0.523368 0.893232 0.527986 0.897628 0.526085 0.898160 0.522830 0.895696 0.522552
0 0.119508 0.547726 0.118220 0.547092 0.116316 0.548003 0.115532 0.549653 0.116484 0.551024 0.119340 0.550234 0.119816 0.548507
1 0.976728 0.560365 0.980592 0.560894 0.983084 0.560894 0.984960 0.561415 0.984540 0.559844 0.983224 0.558924 0.979780 0.558533 0.977400 0.558793
