1 0.770876 0.574045 0.769812 0.573090 0.768608 0.571701 0.767908 0.570747 0.766676 0.570660 0.765360 0.570833 0.765780 0.572396 0.766928 0.573872 0.767796 0.574913 0.769028 0.575694 0.770260 0.574826
0 0.435184 0.551076 0.436388 0.552882 0.438824 0.553030 0.440644 0.551076 0.439888 0.547630 0.436108 0.548377
0 0.891472 0.582847 0.894328 0.579175 0.891920 0.576363 0.889316 0.580252
0 0.667360 0.520712 0.669544 0.521146 0.670608 0.521059 0.670328 0.520017 0.670160 0.518889 0.669544 0.518194 0.668396 0.517587 0.667164 0.517674 0.666044 0.518976 0.666380 0.520451
0 0.793444 0.513819 0.794760 0.514514 0.796076 0.514167 0.796076 0.513212 0.796076 0.512257 0.794676 0.511910 0.793528 0.511910 0.792912 0.512778
0 0.788152 0.552344 0.789552 0.552569 0.792464 0.552318 0.795992 0.551562 0.797784 0.550816 0.799660 0.549444 0.799660 0.548819 0.798540 0.548064 0.796888 0.547188 0.795880 0.546944 0.794732 0.547066 0.792576 0.547943 0.790952 0.548819 0.789188 0.549566 0.787144 0.549687 0.786136 0.550191 0.786780 0.551693
0 0.540660 0.506997 0.543376 0.507622 0.544860 0.507517 0.545700 0.506788 0.545168 0.506163 0.544132 0.505642 0.543068 0.504913 0.542004 0.504809 0.540744 0.505226
0 0.339760 0.509505 0.341608 0.509418 0.343008 0.508898 0.342924 0.508203 0.342224 0.507509 0.339508 0.507075 0.339060 0.506988 0.338444 0.507943 0.339060 0.509158
1 0.767096 0.533368 0.771604 0.533368 0.774348 0.533576 0.776448 0.533681 0.777288 0.533160 0.774880 0.531910 0.773396 0.531493 0.770036 0.530972 0.768048 0.531389
1 0.734504 0.557127 0.736800 0.556502 0.738564 0.555755 0.739320 0.555252 0.739320 0.554253 0.738312 0.554757 0.736156 0.555252 0.735148 0.555252 0.734140 0.555755 0.733636 0.556632
