1 0.725484 0.473976 0.728732 0.476137 0.734472 0.476649 0.734556 0.475000 0.726044 0.471701
0 0.668084 0.469444 0.670072 0.468924 0.670800 0.467465 0.670380 0.465903 0.668168 0.465903 0.667132 0.467986
0 0.799740 0.478498 0.800832 0.477057 0.800636 0.474905 0.798816 0.473637 0.795372 0.473637 0.794448 0.474540 0.794280 0.476519 0.797892 0.479045
0 0.680628 0.492995 0.683260 0.496884 0.685864 0.498438 0.687712 0.498177 0.690064 0.493516 0.689812 0.488854 0.687460 0.488073 0.684296 0.489887 0.682224 0.490920
7 0.498908 0.288333 0.501176 0.204575 0.827964 0.213533 0.825696 0.298186
1 0.176460 0.470738 0.179064 0.471172 0.179708 0.474410 0.182760 0.473976 0.181696 0.470304 0.179288 0.467500 0.177748 0.468793
0 0.286640 0.519306 0.290112 0.518411 0.290280 0.515165 0.288292 0.514089 0.286836 0.515165 0.285912 0.517144
0 0.129812 0.443594 0.131716 0.442352 0.132332 0.439549 0.130148 0.438620 0.128888 0.440486
1 0.332420 0.472882 0.334940 0.471502 0.336704 0.470252 0.338468 0.469878 0.339728 0.469627 0.337320 0.469132 0.335948 0.469002 0.332924 0.470130 0.332168 0.470877 0.330908 0.472500
0 0.657108 0.466406 0.657444 0.465712 0.657360 0.464583 0.656044 0.464149 0.655008 0.464670 0.654308 0.465451 0.654028 0.467188 0.654392 0.468403 0.655708 0.468576 0.657108 0.468490 0.657724 0.467448
