7 0.182564 0.378212 0.181612 0.293299 0.506608 0.295477 0.506608 0.379453
0 0.685276 0.559653 0.682140 0.560694 0.683092 0.563611 0.685192 0.564332 0.686872 0.562882 0.686452 0.561632
0 0.692360 0.558403 0.692248 0.561319 0.693928 0.561632 0.694460 0.560486 0.694348 0.557778 0.693592 0.557569
0 0.699724 0.552569 0.700564 0.555382 0.701068 0.555382 0.702244 0.554852 0.702244 0.552986 0.701488 0.552361
0 0.683736 0.571736 0.686256 0.569653 0.685724 0.567674 0.683316 0.568707 0.683204 0.570477
0 0.683960 0.552604 0.685668 0.553880 0.687404 0.553620 0.688972 0.551970 0.688552 0.549453 0.686620 0.548759 0.684520 0.550148
0 0.680908 0.556658 0.682672 0.558220 0.684408 0.557786 0.683904 0.556398 0.682140 0.555182 0.681272 0.555790
0 0.673404 0.572622 0.675084 0.570799 0.675952 0.568455 0.674384 0.568802 0.673404 0.570538 0.672872 0.571319
0 0.933160 0.532917 0.934224 0.531250 0.933272 0.529271 0.931256 0.530000 0.930948 0.532500 0.930836 0.535417 0.932012 0.535417
0 0.679396 0.555903 0.680012 0.554549 0.679816 0.553681 0.678416 0.553681 0.677716 0.554722 0.677632 0.556458 0.678052 0.556806 0.678864 0.556632
0 0.691380 0.556050 0.690064 0.555530 0.688160 0.556076 0.688244 0.557118 0.689028 0.557786 0.690764 0.557526 0.691660 0.556832
0 0.940132 0.538082 0.940664 0.536866 0.940216 0.535911 0.939600 0.535998 0.938564 0.536519 0.937668 0.537214 0.937752 0.538255 0.939068 0.539384 0.939880 0.539123
