1 0.909640 0.519705 0.911768 0.519358 0.912356 0.518229 0.912356 0.517622 0.911404 0.516753 0.910004 0.516580 0.908940 0.516927 0.908072 0.517708 0.908072 0.519705
0 0.017224 0.533993 0.019100 0.535877 0.022012 0.536241 0.022264 0.533125 0.020500 0.531615 0.018456 0.532005
0 0.374364 0.492986 0.377220 0.492682 0.378900 0.491337 0.377388 0.489835 0.375120 0.489531 0.374364 0.490286
0 0.463600 0.524479 0.465308 0.524410 0.466624 0.523281 0.465616 0.522049 0.463460 0.521719 0.462508 0.523542
0 0.487652 0.472075 0.483872 0.471771 0.482948 0.469071 0.483732 0.466224 0.486140 0.464722 0.488268 0.465026 0.489640 0.466372 0.490396 0.469071 0.490396 0.471319
0 0.489472 0.492622 0.490088 0.488559 0.490844 0.485712 0.489640 0.480920 0.487820 0.480469 0.484628 0.482405 0.482668 0.484661 0.481296 0.486623 0.484628 0.488108 0.485692 0.490356 0.487204 0.491875
0 0.492664 0.491259 0.494036 0.493655 0.498572 0.493359 0.499188 0.490660 0.497648 0.486927 0.496444 0.484661 0.494316 0.485859 0.492496 0.488255
7 0.190180 0.324887 0.194324 0.239783 0.525480 0.256953 0.520580 0.342804
1 0.980648 0.519384 0.981908 0.520530 0.983504 0.520946 0.985268 0.519905 0.986556 0.519175 0.986556 0.518134 0.982328 0.518030 0.980228 0.517717
1 0.948644 0.519878 0.950408 0.520052 0.951556 0.520052 0.953404 0.519878 0.954524 0.519184 0.954104 0.518056 0.953320 0.517622 0.949876 0.517622 0.947944 0.517274 0.946824 0.517795 0.946824 0.518663 0.947356 0.519878
1 0.928792 0.516441 0.933944 0.518090 0.935316 0.517187 0.935904 0.516589 0.934084 0.515538 0.931228 0.514939 0.929240 0.514783
