0 0.573860 0.506137 0.574056 0.505269 0.573776 0.504575 0.572544 0.503880 0.571228 0.504514 0.570696 0.505729 0.571676 0.506398 0.572376 0.506658
0 0.734860 0.512743 0.734160 0.511094 0.734076 0.510660 0.733544 0.509965 0.732844 0.509705 0.731136 0.511111 0.730576 0.511875 0.730744 0.512569 0.731108 0.513958 0.731528 0.515087 0.732424 0.515087 0.733460 0.514566 0.734076 0.513785
0 0.666204 0.509332 0.667464 0.509332 0.668220 0.507700 0.668220 0.507326 0.667576 0.507075 0.666316 0.506953 0.664412 0.506832 0.663152 0.507830 0.662648 0.508950 0.663908 0.509332
0 0.402332 0.504236 0.401632 0.503021 0.400568 0.502587 0.399504 0.503368 0.399336 0.504236 0.400232 0.505712 0.401184 0.506580 0.401968 0.505712
0 0.373632 0.557891 0.375116 0.557543 0.375116 0.556068 0.373268 0.555894 0.371000 0.556415 0.371000 0.557891
0 0.294252 0.518655 0.295652 0.517873 0.295652 0.516832 0.293104 0.516571 0.291452 0.517873
0 0.173964 0.507413 0.175000 0.506042 0.176512 0.503542 0.176512 0.502170 0.174104 0.502795 0.171836 0.504913 0.170940 0.506042 0.170688 0.506788 0.171696 0.507543
0 0.102004 0.517786 0.103068 0.517526 0.104300 0.516571 0.104636 0.515703 0.103936 0.514835 0.102172 0.514575 0.099904 0.515182 0.099652 0.516050 0.100436 0.517005
0 0.513884 0.540729 0.515676 0.540937 0.517692 0.540313 0.518532 0.539271 0.516852 0.537396 0.514304 0.537292 0.513156 0.538125 0.512960 0.538854 0.513464 0.539583
0 0.850080 0.553663 0.849604 0.558411 0.855344 0.560451 0.855792 0.559323 0.857864 0.555243 0.856492 0.551623 0.854196 0.552752
0 0.895748 0.539193 0.897764 0.540200 0.900228 0.540286 0.900508 0.538741 0.897680 0.537465 0.896840 0.537465
0 0.795508 0.544835 0.799652 0.544470 0.802144 0.543472 0.804244 0.543568 0.805616 0.542656 0.803320 0.541467 0.801108 0.540564 0.798168 0.540200 0.795956 0.542109
0 0.837060 0.553663 0.840280 0.553759 0.841120 0.553481 0.841120 0.552023 0.839468 0.550755 0.837256 0.550755 0.836136 0.552118
0 0.836248 0.532222 0.838376 0.533403 0.842856 0.534844 0.842856 0.533924 0.841148 0.531823 0.839300 0.531172 0.836780 0.530781
0 0.841008 0.520295 0.844200 0.520686 0.845908 0.518333 0.844452 0.516892 0.842072 0.516892 0.841540 0.518203
0 0.777616 0.560764 0.779548 0.561545 0.781284 0.560851 0.782264 0.559983 0.781732 0.558247 0.779968 0.557118 0.778820 0.557118 0.777420 0.558767
0 0.733572 0.537413 0.733572 0.540191 0.736036 0.540538 0.736988 0.539497 0.735588 0.537326
0 0.727188 0.545286 0.727356 0.547283 0.728308 0.547370 0.730156 0.545373 0.730520 0.544418 0.728672 0.544245
0 0.757512 0.570972 0.759080 0.572361 0.760144 0.572448 0.761012 0.572187 0.761712 0.571667 0.761712 0.570799 0.760760 0.569323 0.758548 0.569323
0 0.844088 0.557040 0.843724 0.558602 0.845320 0.558950 0.846188 0.558776 0.847252 0.557648 0.847504 0.557040 0.847504 0.557040 0.846020 0.556345 0.844536 0.555738
0 0.851900 0.546710 0.852684 0.548186 0.854868 0.548359 0.855680 0.546363 0.854616 0.545408 0.852516 0.545321
0 0.857108 0.561198 0.857164 0.563464 0.859012 0.564679 0.861112 0.563377 0.861644 0.562335 0.860748 0.560946 0.858564 0.560599
0 0.707672 0.554410 0.708288 0.556146 0.710472 0.556936 0.711788 0.556675 0.711956 0.554505 0.710556 0.553203 0.708820 0.553203
