1 0.104912 0.509809 0.106676 0.509549 0.108692 0.508507 0.108328 0.507639 0.107544 0.506858 0.104548 0.506597 0.103344 0.507031 0.103512 0.508594
1 0.089232 0.509201 0.091444 0.509097 0.092732 0.508576 0.093348 0.508160 0.093348 0.507535 0.090520 0.507014 0.088392 0.507431 0.087468 0.508160 0.088728 0.508993
0 0.170208 0.485582 0.173932 0.489679 0.175248 0.493351 0.178944 0.492925 0.179168 0.487734 0.176116 0.482986 0.172616 0.482769
1 0.267816 0.502344 0.272016 0.504115 0.275964 0.503602 0.274900 0.500747 0.273864 0.499965 0.269132 0.499453
0 0.765796 0.517222 0.769268 0.517396 0.771424 0.515599 0.769268 0.513802 0.766160 0.514158
0 0.697868 0.498385 0.699772 0.500139 0.702040 0.499635 0.702432 0.498142 0.701032 0.497266 0.699128 0.497135
0 0.883536 0.518481 0.886868 0.517960 0.888016 0.516484 0.887120 0.515182 0.885384 0.514835 0.883452 0.515964
0 0.927748 0.544106 0.929512 0.543854 0.931892 0.542856 0.931892 0.541354 0.930380 0.541476 0.927860 0.542613
0 0.985232 0.530521 0.985484 0.532691 0.988284 0.533385 0.990748 0.532517 0.991364 0.530694 0.990048 0.528698 0.988732 0.528351 0.986968 0.528698
1 0.045720 0.510269 0.048744 0.508889 0.049500 0.507517 0.049864 0.505642 0.049136 0.505269 0.045580 0.506389 0.041408 0.508767 0.040288 0.509644 0.042052 0.510642 0.044572 0.510642
1 0.121040 0.509661 0.123140 0.509314 0.125688 0.508186 0.125408 0.507144 0.122692 0.507231 0.120760 0.508273
1 0.073972 0.511076 0.075148 0.510972 0.076100 0.510243 0.076408 0.509722 0.075988 0.509097 0.074392 0.508681 0.072404 0.508681 0.071872 0.509618 0.072516 0.510243
