0 0.270296 0.532613 0.273208 0.535130 0.275924 0.535312 0.276120 0.533507 0.276120 0.531528 0.274664 0.529366 0.271556 0.530269
7 0.159668 0.337092 0.157792 0.250130 0.492364 0.249010 0.493484 0.335226
1 0.549764 0.544175 0.554608 0.541328 0.556120 0.538030 0.554300 0.535781 0.550072 0.538325 0.547944 0.540877
1 0.535652 0.522396 0.537752 0.525851 0.539292 0.526901 0.542624 0.528845 0.543688 0.527648 0.543072 0.527196 0.541868 0.524644 0.540356 0.523750 0.537920 0.522101
1 0.622592 0.534219 0.624272 0.532240 0.622900 0.530469 0.620800 0.530365 0.619848 0.532552 0.620996 0.534010
1 0.628388 0.522448 0.628388 0.526615 0.630488 0.529010 0.633652 0.530365 0.633736 0.528698 0.632056 0.526927 0.630488 0.525677 0.630264 0.523385
1 0.615844 0.531198 0.617748 0.529427 0.616796 0.527448 0.614808 0.528490 0.614584 0.530365
1 0.641072 0.533707 0.644236 0.532578 0.643340 0.530200 0.639196 0.529826 0.639056 0.532205
1 0.655996 0.546198 0.658124 0.546198 0.660140 0.546328 0.659776 0.543950 0.658124 0.542830 0.655996 0.545078
1 0.626624 0.531536 0.628024 0.532665 0.629956 0.532144 0.629256 0.530755 0.627576 0.530148
1 0.689064 0.541241 0.691220 0.539115 0.691080 0.536493 0.688308 0.537986 0.687552 0.540113
1 0.826768 0.555990 0.829316 0.553108 0.829512 0.549870 0.827328 0.550408 0.823856 0.552387 0.824052 0.555269
1 0.815512 0.549870 0.818060 0.547708 0.818228 0.545009 0.815876 0.545191 0.814056 0.548073
1 0.931180 0.540095 0.939048 0.544852 0.943192 0.545929 0.942744 0.542908 0.937956 0.541181
1 0.872464 0.507917 0.873780 0.510286 0.877056 0.510720 0.878148 0.508559 0.873780 0.506832
1 0.839144 0.533194 0.841104 0.534245 0.843372 0.534245 0.843680 0.532595 0.841552 0.531545 0.839592 0.531545
1 0.878680 0.544002 0.878988 0.546849 0.882320 0.546701 0.882320 0.543845 0.880668 0.543698
0 0.856728 0.542161 0.858772 0.543542 0.862160 0.544661 0.863672 0.544271 0.865212 0.542786 0.864680 0.540668 0.862916 0.538915 0.860900 0.538793 0.858632 0.539167 0.857120 0.540286
1 0.954840 0.544436 0.957136 0.548437 0.959264 0.549818 0.962176 0.550061 0.963548 0.548437 0.965956 0.546936 0.969120 0.544687 0.967104 0.543438 0.965340 0.544193 0.960552 0.544939 0.959404 0.544939 0.956492 0.544436
1 0.505608 0.536354 0.498524 0.536979 0.497264 0.536858 0.494856 0.534731 0.497516 0.532352 0.501688 0.533229 0.504460 0.533976 0.506112 0.535356
1 0.561888 0.531354 0.563568 0.530729 0.564100 0.528646 0.565276 0.526354 0.565696 0.525208 0.563988 0.525208 0.562112 0.527396 0.560852 0.528958 0.558108 0.529792 0.557576 0.529896 0.558724 0.531250 0.560740 0.531146
1 0.643340 0.542326 0.647148 0.540825 0.653784 0.538802 0.652636 0.537153 0.646756 0.538073 0.643984 0.539575 0.642724 0.540703
0 0.153956 0.541146 0.164400 0.534167 0.164148 0.531163 0.161012 0.530417 0.147012 0.539497 0.150792 0.540278
