0 0.112644 0.504219 0.115024 0.506892 0.116284 0.506892 0.116760 0.505156 0.114688 0.504062
0 0.152012 0.501042 0.154028 0.504028 0.156492 0.505208 0.157136 0.503663 0.156044 0.501024 0.153832 0.499852
0 0.533680 0.509028 0.536732 0.510599 0.539532 0.511250 0.540176 0.509809 0.539644 0.508368 0.537796 0.507587 0.535136 0.507326
0 0.566020 0.508767 0.566272 0.510859 0.568540 0.510859 0.570248 0.509028 0.568372 0.508108
1 0.862120 0.506910 0.861392 0.503845 0.860300 0.499167 0.857192 0.501502 0.855204 0.504201 0.856296 0.506910 0.857920 0.508707 0.861560 0.509427
1 0.976024 0.517231 0.979076 0.519227 0.982716 0.521224 0.985628 0.522474 0.986636 0.520851 0.984620 0.519349 0.981848 0.517474 0.979328 0.515477 0.977172 0.515599
0 0.999152 0.513481 0.996128 0.512856 0.993972 0.509852 0.992824 0.507604 0.994364 0.506606 0.996996 0.506354 0.999152 0.506354 0.999404 0.507474 0.999768 0.509479 0.999768 0.511727
0 0.892220 0.529488 0.892220 0.528446 0.891268 0.528012 0.889868 0.528880 0.889420 0.530182 0.890288 0.530703 0.892136 0.530095
0 0.879900 0.532639 0.880432 0.530903 0.879900 0.529861 0.878332 0.530122 0.877380 0.531337 0.877716 0.532292 0.879480 0.532465
1 0.975884 0.524731 0.974484 0.524470 0.973252 0.523776 0.971852 0.522648 0.972552 0.521866 0.974232 0.522821 0.975352 0.523516 0.975800 0.523863
1 0.940352 0.532517 0.941864 0.531389 0.942564 0.530174 0.942032 0.529045 0.940352 0.528872 0.939120 0.529826 0.938672 0.531684 0.939484 0.532431
1 0.941360 0.525720 0.942676 0.525286 0.943040 0.524071 0.942116 0.523264 0.941416 0.522917 0.940576 0.523290 0.940408 0.524332 0.940408 0.525286
1 0.940744 0.520773 0.941612 0.520425 0.942144 0.519297 0.941892 0.518082 0.941612 0.517648 0.940296 0.517561 0.939512 0.518863 0.939512 0.520165
0 0.888328 0.468142 0.889560 0.467274 0.889392 0.466667 0.887908 0.465885 0.887012 0.465885 0.886592 0.466233 0.886396 0.467448 0.886480 0.467795 0.887096 0.468142 0.887628 0.468142
0 0.249648 0.490191 0.250208 0.495833 0.253232 0.496311 0.254184 0.494262 0.252112 0.489844
