0 0.093756 0.552587 0.098292 0.552344 0.098040 0.549089 0.095772 0.548342 0.093224 0.549592 0.093112 0.550964
0 0.112068 0.562344 0.113076 0.564592 0.115960 0.565964 0.118620 0.564965 0.118760 0.562214 0.116996 0.559592 0.113692 0.560217
1 0.198084 0.539644 0.200492 0.541267 0.203124 0.543142 0.203908 0.542135 0.203012 0.540260 0.201752 0.539514 0.200100 0.539514
6 0.011688 0.365243 0.009924 0.296128 0.233644 0.292023 0.236276 0.361137
0 0.353960 0.589731 0.354464 0.592726 0.356732 0.594106 0.357992 0.593229 0.358888 0.592101 0.359252 0.589731 0.357880 0.588854 0.355976 0.588854
0 0.739436 0.564054 0.738540 0.567352 0.740948 0.569601 0.743076 0.568854 0.744588 0.566901 0.744112 0.565104 0.742460 0.563602
0 0.738232 0.561354 0.740444 0.561458 0.741228 0.559983 0.739884 0.558351 0.737756 0.559549
0 0.849224 0.552344 0.851268 0.553490 0.853284 0.553490 0.854040 0.551476 0.852164 0.549618 0.850120 0.549861
0 0.860844 0.543854 0.859696 0.546372 0.861796 0.548368 0.864624 0.547934 0.865128 0.545503 0.863924 0.544115
0 0.646560 0.576875 0.646112 0.577578 0.645944 0.578446 0.645496 0.578611 0.644796 0.578273 0.644376 0.577049 0.644460 0.576007 0.644992 0.575052 0.645776 0.574878 0.645944 0.575234 0.646392 0.576302
