0 0.987912 0.564679 0.993960 0.563932 0.995500 0.560035 0.993540 0.557630 0.988836 0.560634
0 0.949636 0.574939 0.952156 0.574618 0.956748 0.572917 0.956048 0.572049 0.948852 0.573307 0.948404 0.573741 0.948404 0.575052
1 0.206236 0.525174 0.210408 0.529922 0.213880 0.530139 0.211696 0.526467 0.208868 0.524089
1 0.428444 0.531059 0.429732 0.533941 0.431720 0.533038 0.432812 0.531059 0.430824 0.529983 0.429368 0.529983
1 0.617248 0.547587 0.618760 0.545035 0.621812 0.542031 0.623772 0.539931 0.624388 0.536632 0.620748 0.537083 0.618928 0.540087 0.616044 0.542934 0.614532 0.545634 0.615288 0.547587
1 0.622260 0.554479 0.625284 0.555382 0.626796 0.552830 0.624220 0.551337 0.622568 0.551632
1 0.633320 0.549384 0.636064 0.550130 0.638780 0.549384 0.637576 0.547135 0.635000 0.546684 0.633936 0.547587
1 0.646060 0.546979 0.648776 0.545330 0.651660 0.545929 0.653788 0.545634 0.653648 0.544583 0.652136 0.543681 0.648776 0.543082 0.646508 0.543533 0.645136 0.545634
1 0.758900 0.552925 0.761812 0.553038 0.763324 0.550174 0.761280 0.549054 0.758004 0.550538
1 0.899600 0.526406 0.906348 0.523811 0.915084 0.524245 0.917492 0.521215 0.910296 0.519922 0.899600 0.523377
1 0.932444 0.552378 0.934572 0.555686 0.937904 0.554332 0.937904 0.551632 0.935328 0.551780
