0 0.787824 0.547535 0.789168 0.548993 0.791380 0.549306 0.792332 0.547535 0.791380 0.545556 0.789588 0.545347 0.788552 0.546181
0 0.436452 0.534957 0.440092 0.537118 0.441548 0.534592 0.441548 0.534054 0.440288 0.532257 0.437740 0.533333
0 0.190892 0.521311 0.187448 0.520773 0.187644 0.518073 0.191452 0.517526 0.192544 0.519514
0 0.191284 0.511771 0.192740 0.513568 0.194896 0.512309 0.194532 0.509427 0.192544 0.509974
0 0.214944 0.549497 0.212676 0.553394 0.214944 0.554896 0.216764 0.553247 0.217240 0.550998
0 0.252548 0.548898 0.255572 0.550998 0.258456 0.550547 0.259380 0.548898 0.257392 0.545295 0.253920 0.545000 0.252408 0.546944
0 0.296116 0.534974 0.293092 0.538707 0.296536 0.544306 0.301016 0.542066 0.301016 0.537960
0 0.700408 0.553681 0.704132 0.555842 0.705868 0.554115 0.705868 0.551736 0.703908 0.550877 0.701724 0.551736
0 0.883080 0.547431 0.884340 0.550035 0.886216 0.551285 0.887084 0.550347 0.886636 0.548785 0.886328 0.546597 0.885488 0.545035 0.883696 0.545660
0 0.876220 0.536840 0.876668 0.541788 0.883052 0.541337 0.883948 0.537292 0.880616 0.534592
0 0.897108 0.558099 0.896856 0.557665 0.895092 0.557839 0.894560 0.558099 0.894308 0.559227 0.894560 0.559922 0.896240 0.560269 0.897108 0.559922 0.897192 0.558707
