0 0.055060 0.570686 0.056628 0.572517 0.059428 0.572387 0.059428 0.569653 0.057832 0.567934 0.055732 0.569115
0 0.092132 0.576189 0.092776 0.578542 0.096248 0.578411 0.097144 0.576189 0.096360 0.574618 0.093840 0.574349
0 0.190412 0.588793 0.188984 0.591944 0.192008 0.593828 0.194220 0.593516 0.195816 0.590842 0.195172 0.588325 0.193436 0.588012
0 0.195900 0.568750 0.195732 0.572205 0.198756 0.572361 0.199708 0.569219
0 0.202732 0.560885 0.205756 0.563872 0.207184 0.561198 0.205280 0.559314
0 0.328340 0.569019 0.330720 0.572561 0.332848 0.573342 0.335480 0.572431 0.335480 0.568229 0.334164 0.566137 0.329656 0.567448
0 0.338672 0.563255 0.338672 0.565747 0.340520 0.566137 0.341724 0.564306 0.340800 0.563255
0 0.580284 0.556389 0.580760 0.553403 0.577736 0.553559 0.576000 0.556701 0.579164 0.560009 0.584260 0.561892 0.582496 0.559063 0.579808 0.558116
0 0.610468 0.561580 0.609824 0.564566 0.614276 0.565668 0.616516 0.564097 0.616348 0.560009 0.613184 0.557960 0.611756 0.559063
0 0.663276 0.574444 0.665012 0.579314 0.667560 0.578533 0.668512 0.575859 0.667084 0.571927 0.664872 0.571927
0 0.654372 0.585130 0.654680 0.588437 0.657564 0.588281 0.657396 0.585451
0 0.689400 0.514193 0.689680 0.517604 0.694048 0.518125 0.694048 0.514722 0.692312 0.514323
0 0.095044 0.563090 0.094960 0.561875 0.093896 0.562049 0.093112 0.562222 0.092748 0.562396 0.092496 0.563524 0.092832 0.564740 0.093812 0.565087 0.094680 0.565174
0 0.734760 0.557925 0.737644 0.557804 0.740052 0.557925 0.740948 0.556554 0.738932 0.555425 0.736776 0.554800 0.734116 0.555304 0.733360 0.556806
