0 0.102180 0.500668 0.104364 0.503785 0.109096 0.502847 0.107528 0.498186 0.104700 0.497873
0 0.313720 0.461632 0.312684 0.466042 0.317668 0.466814 0.318872 0.464236 0.318956 0.462405
0 0.315288 0.450747 0.318956 0.451519 0.319236 0.449453 0.317640 0.448177 0.315820 0.448411
0 0.327916 0.459818 0.328980 0.461207 0.331080 0.461207 0.331696 0.460686 0.331696 0.459297 0.331164 0.458255 0.329148 0.458255
0 0.307028 0.458333 0.307056 0.460165 0.307924 0.460599 0.309408 0.460339 0.310136 0.459470 0.309324 0.458255 0.308540 0.457821
0 0.326684 0.465590 0.324472 0.467257 0.325956 0.469236 0.328168 0.468316
0 0.762896 0.514609 0.764716 0.518811 0.766676 0.520009 0.769420 0.518655 0.769252 0.515807 0.767740 0.513559 0.765612 0.513559
0 0.772892 0.504861 0.772892 0.506962 0.775636 0.507109 0.777596 0.505755 0.776840 0.504262 0.774880 0.503958
0 0.318480 0.484332 0.319992 0.483464 0.320076 0.481988 0.319628 0.481467 0.317612 0.481727 0.317080 0.482943 0.317696 0.483811
0 0.316716 0.477821 0.318620 0.477092 0.318816 0.476050 0.318088 0.475425 0.316268 0.475634 0.315120 0.476884
0 0.322764 0.464540 0.324500 0.464878 0.326264 0.464280 0.326432 0.463064 0.325564 0.462109 0.324500 0.461589 0.322680 0.462109 0.321784 0.463845
