0 0.033680 0.554974 0.031860 0.558872 0.034744 0.560521 0.038076 0.560972 0.040204 0.558872 0.040960 0.556927 0.039756 0.555269 0.036256 0.553472
0 0.101944 0.443863 0.102840 0.446241 0.106312 0.446701 0.107852 0.444731 0.106760 0.441918 0.104128 0.442569
0 0.102672 0.550104 0.102672 0.553229 0.105948 0.553984 0.108496 0.552734 0.108720 0.550729 0.107460 0.548733 0.104940 0.548611
0 0.123504 0.525486 0.124260 0.528229 0.127032 0.527856 0.127564 0.525859 0.127312 0.523611 0.125016 0.524731
0 0.160296 0.528186 0.161584 0.527517 0.162816 0.526910 0.164132 0.527083 0.165980 0.528186 0.164580 0.531432 0.162312 0.533307 0.160548 0.531684
0 0.228728 0.498906 0.230100 0.501302 0.232228 0.501155 0.232984 0.498750 0.231612 0.497405
0 0.289488 0.569696 0.292372 0.574878 0.297888 0.574878 0.301024 0.570729 0.301808 0.565026 0.297076 0.561918 0.291056 0.562179 0.289488 0.564766
0 0.345460 0.448264 0.346692 0.445712 0.345292 0.443915 0.342128 0.444366 0.341064 0.447517 0.343640 0.449010
0 0.351844 0.446615 0.351536 0.450964 0.353328 0.451267 0.355316 0.450061 0.355764 0.448116 0.354112 0.446467
0 0.355904 0.439566 0.357444 0.443316 0.360776 0.444210 0.363492 0.442266 0.364416 0.439714 0.361672 0.437465 0.358788 0.437309
0 0.459616 0.570964 0.463368 0.573767 0.467148 0.570964 0.463060 0.567231 0.460540 0.566927
0 0.497416 0.518446 0.499236 0.522231 0.502148 0.521146 0.502316 0.518628 0.500860 0.517370
0 0.419044 0.440868 0.417224 0.443212 0.417392 0.445365 0.420136 0.445009 0.421228 0.443030
0 0.467428 0.440503 0.464516 0.443932 0.465048 0.449505 0.466700 0.452205 0.470144 0.450590 0.469780 0.448429 0.468156 0.448785 0.467596 0.445365 0.469248 0.443030
0 0.515868 0.454852 0.517688 0.452873 0.518780 0.450538 0.517520 0.448194 0.513516 0.448915 0.511864 0.452153 0.513320 0.454852
0 0.551176 0.449271 0.552072 0.454497 0.554788 0.454314 0.558428 0.452517 0.556972 0.449097 0.554256 0.448012
0 0.312728 0.473003 0.315612 0.474045 0.318972 0.473038 0.320036 0.470703 0.318468 0.469149 0.314800 0.469149 0.312196 0.470920
0 0.670400 0.549497 0.668832 0.553125 0.670932 0.554688 0.673312 0.551571
0 0.220076 0.531259 0.220720 0.529905 0.220608 0.528759 0.220188 0.528342 0.219236 0.528342 0.218620 0.528655 0.218312 0.528967 0.217976 0.530009 0.218088 0.530946 0.218508 0.531259
0 0.072908 0.444184 0.071844 0.444097 0.069660 0.443750 0.068764 0.444010 0.067812 0.445139 0.067812 0.446181 0.068680 0.446701 0.070444 0.447222 0.071312 0.447396 0.072180 0.447309 0.072544 0.445660
0 0.689132 0.550955 0.689132 0.550694 0.688236 0.549392 0.687732 0.549045 0.686668 0.548611 0.685520 0.548958 0.685604 0.550087 0.685968 0.551215 0.688068 0.551215
