7 0.165064 0.330990 0.169012 0.244913 0.497508 0.263168 0.494540 0.349245
0 0.555356 0.544097 0.557260 0.546172 0.559556 0.545790 0.559556 0.543715 0.557456 0.542969
0 0.704820 0.556224 0.707480 0.558299 0.708992 0.557543 0.708824 0.556224 0.707088 0.554905
0 0.843224 0.568681 0.843616 0.572830 0.845716 0.574149 0.847816 0.572830 0.847816 0.569436 0.846472 0.567925
0 0.896060 0.572830 0.896256 0.575286 0.898524 0.575469 0.900428 0.573585 0.899868 0.571701 0.897572 0.571510
0 0.930332 0.568490 0.929772 0.572266 0.932628 0.573021 0.933776 0.570946 0.932236 0.569436
0 0.962000 0.565095 0.963708 0.568681 0.967908 0.567925 0.969224 0.565851 0.967712 0.562266 0.964268 0.562075
0 0.981040 0.537543 0.981040 0.541128 0.982020 0.541128 0.985436 0.540946 0.988292 0.538490 0.986976 0.536224 0.982972 0.536224
0 0.957100 0.571615 0.956540 0.572483 0.957660 0.573698 0.958808 0.573872 0.959508 0.572830 0.959256 0.571441 0.958360 0.571181
0 0.937752 0.570399 0.937668 0.571788 0.939852 0.572483 0.940636 0.571441 0.940300 0.570052 0.938732 0.569878
0 0.963820 0.456875 0.963064 0.461076 0.966228 0.462274 0.968664 0.461224 0.969112 0.458672 0.968048 0.456424
0 0.928036 0.459271 0.928344 0.461372 0.932432 0.462127 0.933804 0.459123 0.932124 0.457622 0.930304 0.457622
