0 0.018096 0.527587 0.018880 0.524835 0.016584 0.521832 0.012412 0.522335 0.010648 0.525582 0.013560 0.528958 0.016724 0.529080
0 0.137768 0.540642 0.138496 0.544601 0.142332 0.544601 0.144516 0.541545 0.143592 0.539019 0.140512 0.538299
0 0.162688 0.540460 0.162688 0.545139 0.167252 0.546406 0.167588 0.544245 0.166692 0.540460
0 0.369496 0.540061 0.371764 0.544566 0.376020 0.543811 0.376468 0.540660 0.374060 0.537361 0.371484 0.537665
0 0.429416 0.553281 0.430928 0.555156 0.433700 0.554531 0.433812 0.552405 0.431544 0.551033 0.429668 0.551155
0 0.544132 0.559575 0.546568 0.561832 0.551552 0.561528 0.551412 0.558524 0.549592 0.555382 0.545196 0.557031
0 0.569304 0.556432 0.566420 0.556128 0.564768 0.557778 0.566728 0.560026 0.569752 0.559878
0 0.591732 0.556128 0.591732 0.560026 0.596128 0.561380 0.598088 0.559731 0.596884 0.557179 0.595064 0.555382
0 0.585964 0.506510 0.589380 0.509401 0.592292 0.508854 0.593048 0.505512 0.587812 0.503177
0 0.021512 0.530087 0.018740 0.532335 0.018992 0.534974 0.020644 0.536207 0.024900 0.538108 0.026496 0.536372 0.026328 0.533420 0.024312 0.530712
0 0.237252 0.539644 0.237896 0.537665 0.235992 0.536936 0.233892 0.537561 0.231792 0.539227 0.231260 0.541623 0.234088 0.542248
0 0.034924 0.545078 0.032152 0.544575 0.029632 0.545330 0.028988 0.546450 0.030500 0.548576 0.033048 0.548325 0.034560 0.547326
0 0.589856 0.537752 0.590052 0.535590 0.588764 0.534332 0.585488 0.533967 0.581512 0.537387 0.583136 0.539010 0.587308 0.540451
