0 0.954864 0.519410 0.956852 0.519184 0.957636 0.517622 0.956124 0.516163 0.954556 0.516840 0.954024 0.517969
0 0.521144 0.480122 0.522544 0.480382 0.524028 0.479340 0.523692 0.477431 0.522264 0.476806 0.520612 0.477344 0.520612 0.478238
0 0.777764 0.517153 0.779136 0.516024 0.779024 0.513524 0.777624 0.512031 0.775356 0.511780 0.772976 0.512240 0.772332 0.514149 0.772836 0.515156 0.774712 0.516406 0.776112 0.517031
0 0.686008 0.539852 0.689060 0.538993 0.691244 0.536181 0.689060 0.534236 0.685588 0.534236 0.684916 0.537483
0 0.652912 0.461936 0.655040 0.462318 0.656440 0.461189 0.656440 0.458689 0.655320 0.457561 0.652772 0.458186 0.651652 0.459939
0 0.649636 0.474184 0.655404 0.475738 0.656692 0.473142 0.653836 0.470816 0.649888 0.470816
0 0.409256 0.483151 0.414492 0.483151 0.413456 0.480304 0.411888 0.479523 0.407436 0.479523 0.405084 0.480043 0.406652 0.482891
0 0.222048 0.468689 0.222804 0.466936 0.222048 0.465191 0.221180 0.462943 0.218268 0.463186 0.217764 0.465312 0.219136 0.466562 0.220144 0.468316
0 0.179040 0.516832 0.181476 0.516380 0.182820 0.514132 0.181308 0.512474 0.177976 0.512474 0.177528 0.515026
0 0.063596 0.449687 0.065696 0.449687 0.067264 0.449167 0.067012 0.447613 0.064296 0.447483
0 0.885928 0.511102 0.887160 0.510061 0.886992 0.509019 0.886376 0.508672 0.884976 0.509627 0.884360 0.510755 0.884696 0.511710
1 0.955004 0.471545 0.956516 0.472413 0.957776 0.473038 0.959904 0.473290 0.960800 0.472665 0.961416 0.471918 0.959540 0.470668 0.958028 0.469418 0.956768 0.468915
