0 0.220540 0.496849 0.217544 0.500651 0.223564 0.502830 0.226840 0.499740 0.228408 0.497483
0 0.753268 0.510677 0.752176 0.509774 0.750356 0.509418 0.748900 0.509601 0.748172 0.511580 0.750356 0.513559 0.752372 0.513733 0.753996 0.511753
0 0.770012 0.503116 0.769284 0.502214 0.767464 0.503481 0.767268 0.505278 0.768192 0.506354 0.770012 0.506181 0.770740 0.504019 0.770012 0.503125
1 0.905168 0.490009 0.907772 0.491311 0.918692 0.493898 0.923284 0.494115 0.929612 0.493898 0.929612 0.491311 0.927204 0.490877 0.922640 0.489792 0.918272 0.489149 0.913904 0.488715 0.908668 0.488281 0.905616 0.487856
0 0.087372 0.491684 0.088772 0.495217 0.093980 0.493316 0.093420 0.489783 0.090396 0.489783
0 0.180528 0.468212 0.184476 0.469123 0.185260 0.467031 0.183160 0.465460 0.181452 0.466372
0 0.406852 0.496163 0.404808 0.498368 0.405116 0.499783 0.407972 0.499783 0.408448 0.497743
0 0.567096 0.492422 0.567348 0.495408 0.571492 0.496493 0.572864 0.494054 0.571492 0.490252 0.569280 0.490252
0 0.744308 0.495217 0.746268 0.500755 0.749236 0.500434 0.750552 0.497170 0.746912 0.494887
0 0.859948 0.508255 0.862244 0.512821 0.866528 0.512821 0.867844 0.508585 0.863560 0.506302
7 0.339120 0.327804 0.337692 0.240009 0.667448 0.245165 0.667924 0.333906
