0 0.841672 0.502717 0.841364 0.502196 0.839572 0.502613 0.838508 0.503863 0.837668 0.505217 0.837668 0.506363 0.839348 0.506467 0.841056 0.506050 0.842204 0.504592 0.842400 0.503342
0 0.877316 0.475087 0.876224 0.474219 0.872108 0.475087 0.868804 0.478108 0.870120 0.479410 0.873172 0.479410 0.876868 0.479410 0.878632 0.477682 0.877092 0.475087
0 0.808408 0.520495 0.807624 0.520061 0.806476 0.519974 0.805608 0.519800 0.804992 0.519887 0.804544 0.520929 0.804460 0.522057 0.804824 0.523012 0.806392 0.523707 0.807624 0.522752 0.808156 0.521970 0.808324 0.521016
0 0.442252 0.508863 0.441468 0.508602 0.440712 0.509375 0.440152 0.510686 0.440768 0.511727 0.441916 0.511814 0.442700 0.511120 0.442784 0.509731
0 0.403836 0.510946 0.401736 0.510859 0.400140 0.511814 0.399720 0.513030 0.399636 0.514245 0.400504 0.515286 0.403584 0.516241 0.405068 0.515460 0.405936 0.514071 0.405068 0.511727
0 0.389388 0.501128 0.391964 0.503108 0.394148 0.502387 0.393980 0.499505 0.390872 0.498967
6 0.358588 0.351936 0.357244 0.282509 0.575840 0.286536 0.576764 0.358203
0 0.739192 0.510234 0.742860 0.510495 0.744680 0.508160 0.743112 0.505313 0.739192 0.506345
0 0.816052 0.519792 0.817172 0.522344 0.819580 0.523203 0.821316 0.521693 0.821092 0.519314 0.818264 0.518021
0 0.949640 0.502344 0.952132 0.503559 0.954008 0.502318 0.955576 0.499514 0.952748 0.497344 0.950228 0.498273
