1 0.930092 0.514323 0.930232 0.516580 0.934012 0.516580 0.933900 0.514080 0.931996 0.513698
1 0.923148 0.517648 0.924912 0.516528 0.924772 0.514905 0.922504 0.514653 0.921888 0.516649
1 0.496568 0.556337 0.497800 0.556510 0.501916 0.556510 0.505080 0.556597 0.506060 0.556076 0.506060 0.555208 0.503232 0.554774 0.502812 0.554688 0.500880 0.555122 0.498500 0.555556 0.496568 0.555729
0 0.665744 0.478351 0.665660 0.477656 0.664764 0.476701 0.663644 0.477396 0.662916 0.478785 0.663112 0.480434 0.664148 0.480781 0.665212 0.480000 0.665660 0.478785
0 0.687108 0.594253 0.686044 0.593038 0.684560 0.592604 0.683860 0.592691 0.683160 0.593299 0.683496 0.594601 0.683944 0.596094 0.685176 0.596684 0.686408 0.596944 0.687192 0.595469
0 0.107312 0.468377 0.111232 0.466562 0.117784 0.466302 0.121172 0.466302 0.119352 0.462413 0.115432 0.461372 0.110448 0.463446
0 0.354552 0.549253 0.358304 0.549253 0.359564 0.545833 0.356428 0.543030 0.352984 0.545833
0 0.520508 0.482378 0.526472 0.483932 0.529300 0.482066 0.529300 0.478333 0.524596 0.478333 0.522384 0.478958
1 0.348700 0.444462 0.352788 0.447578 0.357184 0.450373 0.361272 0.453481 0.360320 0.448507 0.355924 0.443533
1 0.835984 0.560200 0.846680 0.560200 0.856088 0.560200 0.862696 0.558958 0.855780 0.555851 0.846988 0.555851 0.839764 0.556467
0 0.863536 0.526276 0.866980 0.525911 0.871908 0.525017 0.871712 0.520512 0.868632 0.519974 0.864628 0.521415 0.862808 0.522856
1 0.890472 0.562882 0.896128 0.562665 0.902484 0.562882 0.907916 0.563533 0.906180 0.561155 0.905732 0.560729 0.901812 0.560512 0.897668 0.559427 0.893076 0.560938
1 0.971868 0.535026 0.975284 0.541372 0.974528 0.549583 0.979792 0.549583 0.980940 0.542118 0.975284 0.532786
