0 0.008068 0.495313 0.011260 0.496580 0.014116 0.496701 0.014928 0.493724 0.011260 0.492431 0.008376 0.492951
0 0.030832 0.494340 0.031448 0.496519 0.033408 0.496441 0.034220 0.494965 0.032708 0.493403
0 0.012324 0.529861 0.015152 0.532344 0.017028 0.530174 0.015152 0.528307
10 0.313660 0.531910 0.307052 0.528177 0.302320 0.524444 0.292268 0.512318 0.295096 0.504852 0.301396 0.499566 0.313324 0.496146 0.326848 0.492717 0.329060 0.499566 0.325896 0.508585 0.322760 0.518533 0.320240 0.529427
7 0.235708 0.344184 0.238508 0.258160 0.565352 0.275382 0.561544 0.360842
0 0.653608 0.538385 0.656436 0.540252 0.660216 0.539314 0.660216 0.536207 0.657388 0.534957 0.655176 0.536207
0 0.872652 0.517700 0.875788 0.516146 0.877692 0.515208 0.877104 0.512413 0.873296 0.511788 0.870692 0.515365
0 0.962952 0.536927 0.963092 0.537526 0.965052 0.539028 0.966592 0.539028 0.967180 0.536328 0.966872 0.535425 0.964296 0.535425
0 0.048584 0.469844 0.048668 0.469670 0.048920 0.468628 0.048136 0.468108 0.047100 0.468889 0.046372 0.469757 0.045672 0.470972 0.046120 0.471319 0.047604 0.471059
0 0.087896 0.495417 0.087560 0.494167 0.086832 0.493438 0.085964 0.494531 0.085460 0.496354 0.085460 0.497083 0.086104 0.497396 0.086944 0.497292 0.087476 0.496042
0 0.080700 0.537760 0.079720 0.536771 0.077788 0.536163 0.076752 0.536597 0.077536 0.538594 0.079188 0.539809 0.080504 0.539201
0 0.037468 0.540538 0.039204 0.540712 0.039736 0.539670 0.038504 0.538976 0.037468 0.539062 0.035704 0.539931 0.035256 0.540712
1 0.322788 0.506910 0.325224 0.506042 0.326456 0.504826 0.326540 0.504306 0.324720 0.503611 0.322424 0.503090 0.321388 0.502917 0.321192 0.504045 0.321276 0.506649
