0 0.260988 0.530616 0.260204 0.529922 0.259056 0.529922 0.257460 0.531050 0.257908 0.532005 0.259504 0.532266 0.260904 0.532005 0.261324 0.531050
0 0.393232 0.513498 0.391132 0.512457 0.388948 0.512543 0.386652 0.513932 0.387716 0.516276 0.390348 0.516623 0.392364 0.515408
0 0.254240 0.492769 0.253820 0.492509 0.252056 0.492422 0.251188 0.493377 0.251972 0.494679 0.253904 0.495200 0.254604 0.494332
0 0.301784 0.494149 0.299684 0.493003 0.297136 0.493524 0.296100 0.496128 0.297248 0.498628 0.300524 0.499149 0.302624 0.497483 0.303044 0.495712
0 0.242984 0.514783 0.241472 0.514939 0.240548 0.515234 0.239960 0.517040 0.240996 0.517786 0.243740 0.516736 0.243908 0.515990
0 0.266336 0.506233 0.265272 0.505790 0.262528 0.505634 0.260260 0.507439 0.261016 0.508941 0.261940 0.509540 0.263284 0.509540 0.264964 0.508490
0 0.445284 0.506163 0.444388 0.505113 0.442568 0.505564 0.442120 0.507361 0.442400 0.509158 0.444696 0.509314 0.446040 0.506458
0 0.404964 0.494965 0.407148 0.495321 0.408436 0.494427 0.407512 0.492439 0.406420 0.491363 0.404068 0.490104 0.402780 0.490286 0.401324 0.492804 0.402248 0.494427
0 0.429268 0.512847 0.427224 0.512847 0.425740 0.513455 0.424788 0.515104 0.424704 0.515625 0.425040 0.517274 0.426804 0.517361 0.428288 0.516667 0.429156 0.515972 0.429604 0.515191 0.429436 0.513715
0 0.236460 0.507266 0.235592 0.507179 0.234864 0.508307 0.234528 0.510043 0.234696 0.511519 0.235760 0.511259 0.236460 0.510391 0.236460 0.508655
0 0.273168 0.481337 0.271040 0.480816 0.270172 0.481771 0.269136 0.483420 0.268772 0.484722 0.269556 0.485069 0.274736 0.484809 0.276304 0.484288 0.275436 0.483333
0 0.851088 0.522899 0.851844 0.526259 0.855624 0.525139 0.855624 0.522899 0.853720 0.521780
0 0.820148 0.506988 0.825160 0.507413 0.826476 0.504175 0.825160 0.502882 0.820792 0.503099
