0 0.412124 0.502856 0.413720 0.504896 0.416016 0.503767 0.416016 0.501276 0.414168 0.499688 0.412572 0.501050
0 0.439228 0.502578 0.440152 0.504280 0.442672 0.504280 0.443596 0.502839 0.443344 0.501007 0.441608 0.499957 0.439872 0.500747
1 0.503516 0.510243 0.503936 0.508507 0.504916 0.507986 0.505952 0.508333 0.506148 0.509462 0.505700 0.510503 0.504468 0.510677
1 0.512896 0.522865 0.512896 0.524488 0.514408 0.524870 0.515416 0.523620 0.514912 0.522118 0.513652 0.521988
0 0.384292 0.494097 0.384740 0.495747 0.386560 0.496050 0.387456 0.495443 0.387316 0.493351 0.385636 0.492899
1 0.666952 0.589661 0.671964 0.589349 0.677312 0.588108 0.674176 0.587483 0.666952 0.587795
1 0.834952 0.543030 0.834924 0.544965 0.836296 0.545877 0.837976 0.545052 0.838676 0.543576 0.837024 0.542535
1 0.918280 0.543411 0.922648 0.543194 0.925924 0.542977 0.929396 0.544063 0.932028 0.544922 0.932028 0.543411 0.929844 0.542326 0.926568 0.541467 0.922424 0.541467 0.919372 0.541467
0 0.665300 0.557674 0.666336 0.557066 0.666252 0.556372 0.665636 0.555668 0.665020 0.555668 0.664152 0.556276 0.663900 0.557144 0.663900 0.557674 0.664068 0.558542 0.664936 0.558108
0 0.656732 0.561936 0.657012 0.561155 0.655948 0.560720 0.654716 0.561155 0.654100 0.561936 0.655976 0.562240 0.656760 0.563715 0.657348 0.562457
