0 0.581032 0.553863 0.578848 0.552422 0.579576 0.549540 0.582124 0.548464 0.590076 0.549219 0.591392 0.551649
0 0.643500 0.537413 0.645040 0.537691 0.647196 0.538194 0.648148 0.536458 0.647000 0.534089 0.643780 0.533767 0.641764 0.534462 0.641400 0.536024 0.641988 0.536797
0 0.612812 0.515226 0.610404 0.515069 0.608584 0.514323 0.608416 0.511771 0.610712 0.510720 0.613288 0.512222 0.613288 0.513724
0 0.614100 0.560451 0.611832 0.559696 0.611356 0.557899 0.613064 0.555642 0.614996 0.554427 0.616984 0.555052 0.617124 0.558194 0.616228 0.560295
0 0.600772 0.553099 0.601920 0.550694 0.601528 0.548151 0.598196 0.546797 0.595452 0.548151 0.595452 0.551562 0.597720 0.553733
0 0.583496 0.531649 0.585288 0.531198 0.586660 0.529696 0.585904 0.528351 0.584084 0.528351 0.582432 0.528351 0.581368 0.530148 0.581508 0.531345
7 0.330740 0.364792 0.333344 0.279653 0.657248 0.292552 0.653776 0.378038
0 0.613204 0.548490 0.611692 0.546840 0.610768 0.543845 0.612140 0.542491 0.614408 0.541293 0.617292 0.541293 0.618972 0.543993 0.619112 0.546693 0.617460 0.547891 0.615332 0.548941
0 0.617712 0.538542 0.616676 0.536806 0.617180 0.535243 0.619308 0.533594 0.620820 0.532578 0.623116 0.532431 0.624768 0.532882 0.625076 0.533481 0.626896 0.535582 0.626280 0.537830 0.625076 0.540677 0.623872 0.541875 0.620820 0.541580 0.619308 0.539774
0 0.601668 0.530816 0.598532 0.533003 0.600100 0.537674 0.604216 0.537326 0.605168 0.532726
