0 0.784572 0.539141 0.786924 0.540764 0.788744 0.539679 0.788212 0.537517 0.786560 0.536623 0.785104 0.537517
0 0.869692 0.547422 0.873864 0.549045 0.876972 0.545981 0.872604 0.543819
7 0.495136 0.381910 0.498300 0.297257 0.819208 0.308455 0.816492 0.392665
0 0.523612 0.537726 0.523416 0.543776 0.526496 0.545720 0.530612 0.543993 0.528848 0.540755 0.529968 0.538594 0.528848 0.535998 0.524732 0.535998
0 0.292360 0.565451 0.292500 0.567405 0.294628 0.568455 0.296756 0.568003 0.296756 0.565148 0.294180 0.564253
0 0.256128 0.569800 0.257500 0.570998 0.259152 0.569948 0.258844 0.567856 0.256576 0.568003
0 0.187416 0.548220 0.190132 0.549566 0.190916 0.547613 0.189684 0.546120 0.188172 0.546267
0 0.223172 0.533950 0.227092 0.533950 0.227316 0.530929 0.224264 0.528767 0.222500 0.530712
0 0.124248 0.567066 0.128392 0.567066 0.131220 0.565339 0.129932 0.561233 0.125760 0.560799 0.124024 0.562960
1 0.101512 0.596892 0.100616 0.594019 0.097508 0.589696 0.096976 0.589158 0.095520 0.589878 0.094596 0.591319 0.095520 0.593837 0.096248 0.596719 0.097704 0.599054 0.098628 0.599601 0.100616 0.598880
