1 0.828632 0.613290 0.831404 0.614045 0.833952 0.613915 0.837592 0.613915 0.837228 0.611042 0.836472 0.609792 0.834680 0.609792 0.831908 0.610417 0.830144 0.611667
1 0.391832 0.579470 0.394408 0.583064 0.397292 0.585616 0.401072 0.584418 0.406084 0.583516 0.408212 0.580668 0.405468 0.578420 0.401688 0.578568 0.399868 0.575417 0.394716 0.576467
1 0.754768 0.536953 0.756056 0.539479 0.759500 0.538220 0.761880 0.536059 0.765128 0.536953 0.765128 0.534080 0.762944 0.533177 0.762216 0.531016 0.759864 0.531918 0.756588 0.533898
1 0.762944 0.574939 0.764064 0.578359 0.768600 0.579800 0.772240 0.579253 0.772968 0.576016 0.770952 0.575477 0.769692 0.573854 0.766780 0.574036
1 0.854896 0.548116 0.857640 0.549470 0.861112 0.548568 0.863100 0.546467 0.862792 0.543620 0.861112 0.544219 0.859152 0.544514 0.858088 0.543464 0.855820 0.545113
1 0.909468 0.538064 0.911596 0.539115 0.913416 0.540764 0.914788 0.538819 0.917364 0.536563 0.915236 0.536415 0.910980 0.536120
1 0.650188 0.610625 0.653828 0.612569 0.656572 0.611823 0.658672 0.612569 0.659596 0.610174 0.658980 0.608976 0.657328 0.610321 0.655340 0.607769 0.652624 0.609123
2 0.282408 0.626918 0.288064 0.630278 0.310324 0.622439 0.306180 0.618707 0.293356 0.617960 0.287308 0.620200
1 0.216916 0.492674 0.219100 0.496094 0.222180 0.498255 0.224728 0.496458 0.225288 0.492674 0.225288 0.489253 0.225820 0.486918 0.222740 0.485477 0.225092 0.483134 0.226184 0.479896 0.224560 0.479358 0.223104 0.481519 0.221284 0.483854 0.217812 0.484219 0.219100 0.487274 0.219268 0.489800 0.221816 0.492135
1 0.143752 0.547040 0.147532 0.549418 0.150304 0.547413 0.154112 0.549045 0.156268 0.545668 0.155372 0.543793 0.155484 0.540790 0.152712 0.542170 0.150304 0.541918 0.147644 0.543542 0.145264 0.544540
