1 0.035856 0.512587 0.037620 0.516337 0.039132 0.517839 0.041148 0.518082 0.040392 0.516832 0.039776 0.514957 0.038376 0.512708 0.038376 0.510712 0.040280 0.510712 0.043052 0.509462 0.040532 0.508082 0.037620 0.508585 0.035968 0.510339
0 0.018720 0.520720 0.018104 0.523264 0.019168 0.524766 0.020232 0.524913 0.021436 0.524019 0.022220 0.522517 0.021912 0.520269
0 0.466916 0.533750 0.469828 0.534748 0.472348 0.533507 0.473888 0.530877 0.473104 0.528377 0.470976 0.527127 0.468680 0.526875 0.465796 0.528012 0.465404 0.530998
0 0.888540 0.535634 0.890892 0.536536 0.895260 0.535998 0.894924 0.532752 0.892152 0.531311 0.889100 0.531675 0.888176 0.533116
0 0.982032 0.532214 0.982032 0.535634 0.984412 0.535998 0.985672 0.535998 0.986400 0.533655 0.985672 0.532031 0.983684 0.531858
0 0.922028 0.525000 0.921104 0.526632 0.922532 0.528438 0.926368 0.528073 0.927096 0.526276 0.925472 0.524470 0.923288 0.524470
1 0.963552 0.529583 0.967080 0.529149 0.969712 0.529670 0.970496 0.529062 0.968312 0.527847 0.967948 0.526892 0.969012 0.526111 0.969628 0.524809 0.967164 0.523941 0.964616 0.524288 0.963552 0.525156 0.963300 0.526632 0.963300 0.527934
0 0.973044 0.525590 0.973996 0.526198 0.975144 0.526545 0.976292 0.525851 0.976012 0.524635 0.975396 0.524028 0.973912 0.524201 0.973296 0.524809
0 0.990516 0.517205 0.990348 0.518854 0.991496 0.520069 0.992728 0.520243 0.993680 0.519375 0.993680 0.517986 0.992280 0.516858
0 0.073488 0.485972 0.077520 0.485347 0.077912 0.483472 0.079032 0.481597 0.077660 0.480347 0.076260 0.480599 0.073600 0.483099
