0 0.597220 0.544505 0.596240 0.542943 0.594756 0.542509 0.592824 0.543030 0.593356 0.545547 0.596688 0.547023 0.597836 0.546675
0 0.280176 0.609861 0.279476 0.608646 0.278244 0.609340 0.277628 0.609948 0.277796 0.611684 0.279644 0.611858 0.280596 0.611858 0.281212 0.611771 0.280596 0.610729
0 0.258336 0.597361 0.257720 0.595972 0.257636 0.594236 0.257356 0.593889 0.257104 0.593108 0.256656 0.592934 0.255424 0.594323 0.255508 0.596233 0.256572 0.597535 0.257440 0.598056
0 0.033692 0.544792 0.032376 0.544010 0.030976 0.544271 0.029660 0.544965 0.029128 0.545660 0.028848 0.546615 0.030276 0.547830 0.032012 0.547917 0.033776 0.547396 0.034392 0.546267
0 0.972420 0.550408 0.972672 0.551536 0.975724 0.552031 0.977096 0.550781 0.977096 0.548160 0.974968 0.547786 0.973316 0.548785
0 0.895504 0.558411 0.897660 0.560035 0.900432 0.559661 0.900936 0.556788 0.900180 0.555408 0.898136 0.555538 0.896512 0.556406
0 0.773872 0.578438 0.775888 0.580599 0.779136 0.580599 0.780256 0.577535 0.779332 0.575017 0.775524 0.575017
0 0.433896 0.566458 0.435044 0.568108 0.436276 0.568021 0.436724 0.566719 0.435744 0.565243 0.434876 0.565243
0 0.434736 0.562665 0.435968 0.562578 0.437116 0.563186 0.438068 0.561797 0.437900 0.561710 0.436864 0.561102 0.436248 0.561016 0.435016 0.561189
0 0.419896 0.570113 0.420792 0.572543 0.423508 0.572023 0.424208 0.570894 0.423424 0.569245 0.422108 0.569245
0 0.440084 0.566181 0.440168 0.567917 0.441568 0.568524 0.443136 0.568438 0.443864 0.565747 0.442100 0.564792
0 0.442548 0.553073 0.441820 0.554983 0.439552 0.556719 0.438404 0.558455 0.440700 0.558889 0.442884 0.556979 0.445180 0.557066 0.447196 0.556024 0.447364 0.554375 0.446916 0.552552 0.444900 0.552205
0 0.416844 0.560451 0.417544 0.562969 0.419728 0.563056 0.420512 0.561580 0.420344 0.559670 0.418496 0.559323
0 0.406120 0.564271 0.408332 0.566441 0.409984 0.565312 0.410516 0.563403 0.409116 0.562622 0.406568 0.563056
1 0.345472 0.564809 0.345136 0.566806 0.345724 0.567934 0.348020 0.567587 0.348636 0.566545 0.347852 0.565069
1 0.277768 0.551424 0.279448 0.552986 0.281912 0.553247 0.282164 0.551771 0.281128 0.550208 0.279728 0.550122
1 0.249992 0.554375 0.253856 0.555069 0.257440 0.555417 0.258756 0.553681 0.256908 0.552813 0.254640 0.553160
0 0.139812 0.542535 0.142528 0.546137 0.145804 0.546007 0.147204 0.543507 0.146308 0.539757 0.141380 0.539132
