0 0.377560 0.540069 0.378316 0.542170 0.379380 0.542170 0.380892 0.541866 0.381060 0.541120 0.381060 0.539167 0.378624 0.539019
0 0.397132 0.531519 0.396656 0.533168 0.398784 0.534514 0.400772 0.534514 0.401360 0.532717 0.400296 0.531068 0.399092 0.531215
0 0.571992 0.550538 0.572748 0.553837 0.575632 0.554436 0.577900 0.551736 0.576388 0.549340 0.573812 0.549340
0 0.574092 0.543490 0.576220 0.544236 0.578656 0.543038 0.577452 0.540634 0.575016 0.540182
0 0.564012 0.551076 0.565944 0.551250 0.568492 0.551510 0.569556 0.549167 0.568492 0.548385 0.565944 0.548646 0.564796 0.549167
0 0.562276 0.533620 0.563424 0.535182 0.563648 0.536224 0.566364 0.536536 0.566896 0.534870 0.564908 0.534453 0.563648 0.532891
0 0.971748 0.532578 0.974296 0.533655 0.976284 0.531858 0.974100 0.530052
0 0.973204 0.524835 0.974660 0.527535 0.978300 0.528255 0.979392 0.525191 0.976844 0.523038 0.975192 0.523038
0 0.922300 0.539878 0.922216 0.539271 0.921516 0.538490 0.920816 0.538229 0.919752 0.539010 0.920032 0.540399 0.920984 0.541788 0.922216 0.541528 0.922580 0.540833
0 0.562528 0.544149 0.563760 0.544670 0.565244 0.544323 0.567260 0.543455 0.567428 0.542934 0.567344 0.542240 0.566112 0.542587 0.564628 0.542587 0.563760 0.541806 0.563144 0.541111 0.562276 0.541632 0.561996 0.542587 0.561996 0.543281
0 0.562136 0.549679 0.563172 0.548984 0.563620 0.548030 0.563340 0.547509 0.561240 0.547856 0.560008 0.548030 0.559056 0.548811 0.559308 0.549679 0.560708 0.550547
