1 0.535752 0.550477 0.538272 0.551571 0.539728 0.552986 0.541576 0.552439 0.541268 0.550260 0.540484 0.550148 0.538160 0.549280
1 0.558600 0.603542 0.562996 0.603872 0.567952 0.602891 0.566300 0.600052 0.562240 0.599939 0.556920 0.602127
1 0.558712 0.550078 0.561008 0.551901 0.562940 0.552422 0.564872 0.551120 0.565824 0.550425 0.561428 0.549731 0.558992 0.549384
1 0.577892 0.601363 0.575792 0.603767 0.579768 0.605616 0.583072 0.603984 0.584304 0.602778 0.585508 0.600165 0.584528 0.599175 0.581196 0.599288
1 0.561232 0.618064 0.563444 0.619375 0.563668 0.619158 0.567084 0.617743 0.570052 0.617413 0.571172 0.614792 0.568288 0.616215 0.567308 0.614905 0.565880 0.614141 0.565768 0.614141 0.564424 0.614245 0.562324 0.615773
1 0.555856 0.629913 0.561372 0.627639 0.562380 0.625729 0.558908 0.625911 0.557340 0.626814 0.554120 0.628090
1 0.519568 0.581250 0.523152 0.580200 0.523292 0.577708 0.519456 0.576667 0.518392 0.579418
1 0.538384 0.585729 0.541296 0.584687 0.539028 0.583108 0.536256 0.583767
1 0.566748 0.512917 0.569548 0.513837 0.571788 0.513437 0.570864 0.512656 0.567280 0.511345
1 0.581252 0.539097 0.584696 0.537917 0.585508 0.535825 0.584444 0.535694 0.581924 0.537135
1 0.556808 0.559653 0.559580 0.559210 0.562884 0.560634 0.566300 0.559974 0.566300 0.557795 0.561540 0.556918 0.558264 0.557795
1 0.580440 0.577995 0.585508 0.578872 0.587384 0.576250 0.584836 0.572969 0.581980 0.572969 0.579880 0.575260
