0 0.018280 0.535434 0.020464 0.532734 0.020100 0.529679 0.017552 0.529852 0.015564 0.532014 0.015564 0.534540
0 0.039196 0.551814 0.040484 0.555061 0.043564 0.554158 0.043732 0.550738 0.040484 0.547856
0 0.059384 0.514913 0.060840 0.517613 0.062492 0.518516 0.064312 0.517257 0.064480 0.513299 0.061204 0.512040
0 0.097408 0.493854 0.098696 0.497639 0.102672 0.497457 0.103960 0.495113 0.102308 0.492057 0.099760 0.492057
0 0.215260 0.536997 0.217612 0.536736 0.220496 0.537517 0.222316 0.535182 0.218648 0.532856 0.215512 0.533108
0 0.215260 0.485677 0.216044 0.489306 0.219712 0.489045 0.220496 0.486458 0.219180 0.483863 0.216548 0.483863
0 0.205572 0.511076 0.207644 0.512891 0.210276 0.510816 0.209240 0.507969 0.206356 0.508229
0 0.179812 0.520929 0.179448 0.523446 0.181828 0.524167 0.183452 0.523628 0.182920 0.520929
0 0.252024 0.556172 0.254292 0.554679 0.255804 0.552422 0.253844 0.550929 0.249588 0.550773 0.248076 0.553628 0.249280 0.556172
0 0.245164 0.516745 0.244772 0.518733 0.246676 0.520113 0.248076 0.519358 0.248076 0.517109 0.247068 0.516745
0 0.441304 0.521658 0.444636 0.522708 0.445532 0.521510 0.444328 0.519714 0.441892 0.520460
0 0.880456 0.532639 0.881352 0.535009 0.884124 0.535382 0.884628 0.532760 0.882220 0.531510
