0 0.441328 0.519089 0.442308 0.518828 0.443176 0.517613 0.443344 0.517005 0.442728 0.516484 0.441944 0.516050 0.441160 0.515964 0.440292 0.516311 0.439676 0.516658 0.439312 0.517526 0.439144 0.518394 0.439676 0.519175 0.440376 0.519349
0 0.101212 0.542830 0.102304 0.545208 0.104684 0.546293 0.106000 0.543698 0.103816 0.542188
0 0.206408 0.504601 0.205960 0.507839 0.209040 0.508490 0.211420 0.507630 0.211420 0.505469 0.209684 0.503958
0 0.410276 0.515486 0.410920 0.516997 0.415736 0.517648 0.415288 0.513759 0.411592 0.513116
0 0.348928 0.502309 0.348956 0.506198 0.351784 0.506632 0.354612 0.504687 0.353520 0.502743 0.352008 0.502309
0 0.422456 0.539905 0.422456 0.543533 0.423520 0.544306 0.426404 0.543533 0.426656 0.541719 0.424836 0.539644
0 0.510348 0.529887 0.513372 0.529010 0.514408 0.526510 0.512364 0.525009 0.509732 0.525885 0.508976 0.528264
0 0.592640 0.521597 0.594320 0.524002 0.597204 0.524297 0.598856 0.522352 0.597344 0.519800 0.594628 0.519800
0 0.926652 0.543108 0.927212 0.546345 0.930852 0.547786 0.931580 0.547066 0.930852 0.544722 0.929200 0.543281
0 0.937572 0.531944 0.939028 0.535182 0.942472 0.534106 0.942668 0.531589 0.939952 0.530868
0 0.960308 0.505486 0.961960 0.507648 0.962492 0.507821 0.964676 0.506927 0.963752 0.504948 0.961960 0.504948
0 0.857240 0.536684 0.859004 0.538064 0.862532 0.539557 0.863428 0.537439 0.861272 0.535564 0.858500 0.534939
0 0.863176 0.532561 0.866844 0.532812 0.867208 0.531684 0.865584 0.530564 0.863064 0.530937
0 0.870232 0.533559 0.870764 0.534939 0.872892 0.535807 0.874040 0.534939 0.873648 0.533307 0.872276 0.532934
0 0.868356 0.527561 0.870372 0.528932 0.872388 0.529688 0.872024 0.527813 0.870372 0.526563 0.869112 0.526563
