1 0.384968 0.529028 0.386648 0.532023 0.389672 0.532630 0.389672 0.530677 0.388916 0.527830 0.387236 0.527526
1 0.401796 0.516424 0.404372 0.520330 0.406500 0.521224 0.407256 0.520330 0.405744 0.516424 0.402860 0.513125 0.401348 0.514175
0 0.344788 0.512830 0.347084 0.514479 0.350108 0.513273 0.348596 0.511172 0.345712 0.511024
1 0.380432 0.520330 0.383456 0.520477 0.383596 0.518750 0.381328 0.517778 0.379816 0.518828
1 0.385780 0.515000 0.384016 0.514479 0.382700 0.516563 0.387964 0.517257 0.390260 0.516823 0.390876 0.517604 0.391044 0.520295 0.392892 0.521944 0.394740 0.521163 0.394208 0.519340 0.393592 0.517865 0.393060 0.516128 0.392724 0.514913 0.390428 0.513958 0.388244 0.514826 0.387096 0.515260
0 0.438392 0.492682 0.440072 0.494036 0.442508 0.495182 0.444608 0.495599 0.445448 0.493307 0.443348 0.491224 0.441136 0.489557 0.439036 0.490391
0 0.824512 0.537214 0.825576 0.539618 0.828152 0.539462 0.829664 0.537812 0.830896 0.536163 0.829664 0.533168 0.825884 0.532865 0.824372 0.534818
0 0.877740 0.529870 0.879224 0.531068 0.880764 0.530469 0.881352 0.528967 0.880148 0.526866 0.878188 0.527465 0.877880 0.528064
0 0.792564 0.535859 0.793096 0.536814 0.794216 0.537248 0.795448 0.536467 0.794916 0.535078 0.793628 0.534644 0.792900 0.535078
0 0.779124 0.538194 0.780076 0.540104 0.781224 0.540104 0.781504 0.538889 0.781392 0.538021 0.779740 0.536285
0 0.769212 0.539835 0.769828 0.538967 0.770808 0.537925 0.772040 0.538446 0.772292 0.539575 0.772124 0.540443 0.770780 0.540625
1 0.948076 0.542908 0.945976 0.540825 0.943876 0.540130 0.940628 0.540825 0.939480 0.542300 0.939144 0.542908 0.939060 0.544297 0.939928 0.546988 0.937296 0.547161 0.936932 0.544905 0.937380 0.543776 0.937380 0.541780 0.936316 0.540738 0.936764 0.539957 0.939480 0.539696 0.941580 0.539089 0.944044 0.539175 0.948076 0.540998
0 0.964484 0.486337 0.965604 0.487457 0.968264 0.486710 0.968908 0.485712 0.968516 0.484714 0.967144 0.483837 0.965380 0.484332
