0 0.226612 0.514045 0.229636 0.515799 0.231904 0.514670 0.231036 0.512049 0.228628 0.511293 0.226612 0.511918
0 0.269312 0.518924 0.271328 0.521545 0.274744 0.522049 0.275360 0.519045 0.273708 0.516918 0.270684 0.516918
0 0.653780 0.550955 0.655432 0.552604 0.657896 0.553125 0.659660 0.551736 0.659044 0.549132 0.658232 0.548177 0.656048 0.548177 0.654396 0.549132
1 0.616204 0.531441 0.619004 0.531267 0.621188 0.531441 0.622700 0.529184 0.621300 0.528750 0.620068 0.529010 0.618752 0.528056 0.615840 0.529618
1 0.629868 0.523845 0.632416 0.524800 0.634348 0.525061 0.636000 0.524714 0.636700 0.522977 0.636616 0.521155 0.635496 0.519679 0.633368 0.519592 0.631548 0.520373 0.630932 0.521936
0 0.753236 0.541840 0.751668 0.540625 0.751584 0.538976 0.752984 0.537587 0.755616 0.537587 0.756932 0.537934 0.757464 0.539670 0.756316 0.542101 0.755000 0.542448
0 0.801984 0.549766 0.803748 0.552630 0.804812 0.553759 0.807248 0.553759 0.809628 0.552891 0.810132 0.550373 0.809712 0.547248 0.808228 0.545165 0.807948 0.544905 0.806464 0.544644 0.804448 0.544644 0.802880 0.545686
0 0.947332 0.521493 0.950356 0.522700 0.952204 0.521345 0.952484 0.518646 0.949460 0.516545 0.946884 0.515799 0.945064 0.519392
0 0.962648 0.536649 0.964636 0.537995 0.965980 0.538446 0.968108 0.535894 0.966596 0.533498 0.964328 0.533194 0.963096 0.534392
0 0.975836 0.531849 0.976452 0.534844 0.980092 0.535000 0.981128 0.532899 0.978720 0.530495
