0 0.101036 0.524418 0.098628 0.525174 0.098628 0.526519 0.100140 0.527422 0.101792 0.526519
0 0.098152 0.522925 0.096024 0.523220 0.095884 0.520521 0.098628 0.519774 0.100140 0.520521 0.099832 0.521719
0 0.157316 0.547057 0.156252 0.547839 0.155384 0.549488 0.156168 0.550790 0.157400 0.550703 0.158100 0.549748 0.158548 0.548099
1 0.158436 0.542630 0.158436 0.541155 0.159948 0.540981 0.158884 0.538811 0.157036 0.537682 0.154404 0.536814 0.153172 0.539766 0.153872 0.540807 0.151772 0.542457 0.151156 0.543498 0.151856 0.546189 0.153284 0.547144 0.156084 0.546797 0.158100 0.544453
0 0.227708 0.537153 0.229556 0.537240 0.230004 0.535556 0.228856 0.534410 0.226840 0.535451
0 0.225804 0.549922 0.225188 0.551224 0.225468 0.552352 0.225552 0.552352 0.226952 0.552786 0.227932 0.552352 0.227932 0.550703 0.227316 0.550269
0 0.261924 0.550738 0.262008 0.552214 0.264024 0.552734 0.264836 0.551693 0.263856 0.550304
0 0.294320 0.546510 0.295468 0.548420 0.297204 0.548247 0.297484 0.546597 0.296588 0.545816
6 0.174424 0.365122 0.173108 0.295660 0.393916 0.294618 0.395736 0.364861
0 0.385488 0.517491 0.384004 0.517925 0.383220 0.518967 0.383920 0.520356 0.385264 0.520312 0.386216 0.519271
0 0.493624 0.564497 0.494324 0.565885 0.496452 0.565972 0.496872 0.564931 0.496536 0.563802 0.495472 0.563281 0.494436 0.563281
0 0.704324 0.555720 0.706620 0.555720 0.707096 0.554219 0.706088 0.552969 0.704324 0.553099 0.703064 0.554349
0 0.806440 0.563056 0.806524 0.561849 0.805908 0.560807 0.805040 0.560286 0.804592 0.560547 0.804424 0.562187 0.804676 0.563238 0.805572 0.563585
0 0.875264 0.552682 0.873164 0.552943 0.872100 0.554592 0.872996 0.558325 0.874032 0.559887 0.877448 0.559974 0.879044 0.558759 0.879296 0.556589 0.878512 0.553811
0 0.788576 0.517639 0.788408 0.520243 0.789724 0.520417 0.792160 0.520590 0.792524 0.520417 0.792776 0.519028 0.792524 0.517813 0.790592 0.517205
0 0.704688 0.512396 0.706004 0.514479 0.708468 0.514392 0.709084 0.513177 0.707768 0.511875 0.706116 0.511528
