0 0.290092 0.511554 0.292920 0.513932 0.294460 0.511771 0.295104 0.509401 0.293564 0.508125 0.290960 0.509401
0 0.275672 0.551536 0.280460 0.552839 0.283960 0.550243 0.283092 0.547648 0.278724 0.547005 0.273712 0.547005 0.273712 0.549809
0 0.298828 0.545208 0.303728 0.542335 0.303364 0.538733 0.300620 0.539453 0.298268 0.542509
7 0.125088 0.353125 0.124752 0.263863 0.461088 0.270078 0.461396 0.358108
0 0.661736 0.511285 0.663724 0.513802 0.666832 0.512543 0.666440 0.510200 0.664452 0.509661 0.662632 0.509844
0 0.627520 0.557717 0.628612 0.560061 0.632056 0.558984 0.632252 0.556458 0.628416 0.555920
0 0.621332 0.551059 0.623320 0.549618 0.623320 0.547283 0.620968 0.546918 0.619680 0.548542
0 0.615172 0.540260 0.617692 0.539540 0.619148 0.536484 0.616600 0.536484 0.613688 0.538637
0 0.863756 0.554340 0.866136 0.556858 0.868124 0.555061 0.868488 0.552717 0.867592 0.551997 0.865044 0.551641
0 0.853452 0.519184 0.855440 0.523385 0.857708 0.524436 0.858604 0.523238 0.857848 0.520833 0.857232 0.518733 0.855132 0.517535
