0 0.968608 0.561649 0.973620 0.563602 0.976056 0.562552 0.975440 0.560000 0.971660 0.559401
0 0.072496 0.557778 0.073420 0.561233 0.075996 0.561380 0.077816 0.559280 0.076444 0.557179 0.075240 0.557179
0 0.175872 0.558377 0.178308 0.562283 0.181640 0.561528 0.183768 0.558828 0.181640 0.555530 0.177104 0.555530
0 0.351740 0.536710 0.351740 0.540851 0.354988 0.541753 0.357732 0.539957 0.357004 0.537257 0.354260 0.536354
0 0.297896 0.540313 0.300612 0.542474 0.303356 0.541398 0.302432 0.538333 0.298988 0.538333
0 0.471692 0.550590 0.473232 0.553611 0.477796 0.553828 0.479112 0.551024 0.474968 0.549939
0 0.509464 0.550590 0.509884 0.553611 0.512740 0.554905 0.514924 0.553828 0.514252 0.552101
0 0.607464 0.566137 0.607912 0.567865 0.610096 0.568082 0.611832 0.566788 0.610320 0.564410
0 0.557820 0.557899 0.558996 0.562118 0.561880 0.562413 0.563084 0.559418 0.561124 0.556120
0 0.784564 0.559036 0.788372 0.560833 0.789856 0.559392 0.788736 0.556875 0.785852 0.556693
7 0.234756 0.355208 0.239152 0.269983 0.565100 0.283941 0.561628 0.367344
