0 0.090852 0.599375 0.092952 0.601259 0.095808 0.600694 0.094660 0.597483 0.091804 0.596918
1 0.080352 0.618056 0.085896 0.614280 0.087044 0.611450 0.083208 0.612769 0.079232 0.614844
6 0.133776 0.412483 0.133776 0.341719 0.353016 0.345608 0.352764 0.415069
1 0.334872 0.612865 0.340892 0.612352 0.345344 0.608976 0.345344 0.605087 0.342992 0.607422 0.335908 0.609757
1 0.411032 0.599931 0.413580 0.597951 0.415596 0.596693 0.419040 0.596693 0.416856 0.599748 0.414140 0.600286
1 0.565676 0.575712 0.567692 0.577274 0.569680 0.579045 0.570856 0.578524 0.570744 0.577066 0.568728 0.575191
1 0.573852 0.613429 0.577492 0.612170 0.585864 0.611632 0.585864 0.609653 0.580432 0.609288 0.573684 0.610937
0 0.844780 0.588299 0.847888 0.589566 0.849344 0.587760 0.847552 0.585764 0.845144 0.586684
11 0.959216 0.586936 0.963864 0.586832 0.968792 0.587248 0.971760 0.587153 0.967000 0.586207 0.961960 0.585582 0.959328 0.585582
0 0.904952 0.555825 0.906212 0.558082 0.908340 0.558958 0.908340 0.558446 0.907584 0.556710 0.906968 0.555451
