0 0.665376 0.592092 0.669548 0.593229 0.670304 0.590729 0.668316 0.588550 0.665040 0.589688
0 0.670332 0.574297 0.671564 0.577248 0.674196 0.578464 0.674728 0.576727 0.673048 0.574731
0 0.698864 0.545226 0.700096 0.546528 0.701552 0.545859 0.701916 0.543863 0.701188 0.543255 0.699004 0.543776
0 0.756908 0.535469 0.761276 0.536189 0.764916 0.536372 0.765252 0.532951 0.762172 0.532769 0.760156 0.531693 0.758000 0.533134
0 0.619372 0.509010 0.622648 0.510816 0.624832 0.509549 0.625924 0.505773 0.622116 0.505234 0.620128 0.506128
0 0.570624 0.511502 0.572192 0.511502 0.572192 0.509766 0.568608 0.508898
0 0.438352 0.578707 0.437960 0.582457 0.441236 0.583212 0.443644 0.580712 0.442244 0.577335 0.439360 0.577083
0 0.162356 0.531120 0.162860 0.533464 0.164540 0.534071 0.164624 0.531641 0.163644 0.530773
0 0.169300 0.522639 0.171064 0.525851 0.174312 0.526024 0.175544 0.523073 0.173164 0.521163 0.170532 0.521424
0 0.171680 0.531753 0.170812 0.533490 0.172016 0.535486 0.172548 0.535920 0.176048 0.536354 0.177896 0.534010 0.177364 0.531580 0.174732 0.531580
0 0.963464 0.582708 0.964696 0.586163 0.969540 0.586615 0.971976 0.583915 0.971500 0.580165 0.969540 0.579861 0.966656 0.580009
