0 0.437460 0.573715 0.438244 0.572847 0.439140 0.572847 0.440708 0.571719 0.441856 0.570851 0.444040 0.569028 0.444488 0.569288 0.444824 0.570243 0.444404 0.571719 0.442276 0.572934 0.439924 0.574063 0.438944 0.574497 0.438244 0.574497
0 0.352060 0.570929 0.357072 0.572318 0.357940 0.571363 0.359004 0.569540 0.357156 0.568151 0.352508 0.568585 0.351808 0.569627
2 0.103504 0.447439 0.109552 0.448941 0.110924 0.450295 0.107900 0.451788 0.105464 0.450295
0 0.326804 0.560660 0.327560 0.562535 0.329688 0.562786 0.330836 0.561406 0.331088 0.560538 0.329828 0.558411 0.328428 0.558785
0 0.403328 0.527118 0.404420 0.530903 0.408424 0.531085 0.412064 0.529462 0.413520 0.524783 0.409712 0.524783 0.405512 0.525139
0 0.293540 0.531858 0.291748 0.533628 0.293008 0.534983 0.294268 0.534983 0.296060 0.533941 0.295528 0.532274
0 0.787068 0.536710 0.793088 0.538785 0.797540 0.543455 0.794404 0.542934 0.788636 0.540599
0 0.701528 0.515130 0.706624 0.513872 0.708780 0.509010 0.706624 0.507214 0.702424 0.508837 0.700968 0.511892
0 0.741540 0.540503 0.741232 0.542300 0.743052 0.544253 0.744424 0.542899 0.744704 0.542153 0.743948 0.540799
0 0.008668 0.529045 0.010040 0.530842 0.012308 0.531441 0.013064 0.530694 0.013652 0.528594 0.012896 0.527240 0.010180 0.527543
