2 0.265560 0.593238 0.266680 0.589358 0.276676 0.589323 0.273008 0.593984 0.271104 0.595608 0.267072 0.596363
0 0.146840 0.519670 0.148660 0.517569 0.151236 0.516814 0.154736 0.516962 0.155184 0.513819 0.152300 0.513064 0.148044 0.514262
0 0.456520 0.496476 0.460048 0.500226 0.460804 0.501345 0.464332 0.500851 0.465844 0.499219 0.463968 0.494219 0.459292 0.492726
0 0.419616 0.493724 0.420512 0.496597 0.422276 0.497847 0.426196 0.498220 0.428352 0.495599 0.425188 0.494844 0.421520 0.494844
0 0.486396 0.531918 0.486144 0.534089 0.488580 0.534957 0.488580 0.534957 0.490344 0.534184 0.490512 0.532274 0.487712 0.531406
0 0.448540 0.541745 0.450920 0.545000 0.454840 0.544627 0.454700 0.543247 0.452180 0.541997
0 0.451424 0.547500 0.451424 0.550998 0.455596 0.550877 0.456604 0.548247 0.452684 0.547370
0 0.386044 0.533125 0.386184 0.536372 0.387948 0.536372 0.388956 0.534896 0.388312 0.532873
0 0.638940 0.489957 0.638296 0.490087 0.638436 0.492335 0.639696 0.493464 0.640788 0.492708 0.640956 0.491059
0 0.759312 0.505182 0.760936 0.507057 0.763596 0.508689 0.764100 0.508064 0.764100 0.506562 0.762840 0.505061 0.761188 0.504436
