1 0.609584 0.518047 0.611264 0.513247 0.612636 0.514444 0.613504 0.516693 0.612328 0.518498
1 0.063752 0.511102 0.076016 0.509549 0.079796 0.504887 0.067840 0.506441
1 0.065292 0.513767 0.074224 0.513194 0.076044 0.517361 0.086040 0.511970 0.082876 0.508819 0.083772 0.505521 0.080748 0.501771 0.075428 0.500868 0.065880 0.502517 0.061036 0.502674 0.057704 0.509123
1 0.325076 0.518229 0.331460 0.518672 0.335408 0.519280 0.337816 0.516727 0.335996 0.513273 0.331460 0.513273 0.330704 0.510729 0.326448 0.511476 0.324936 0.514774
1 0.347028 0.522587 0.353720 0.519332 0.352180 0.515460 0.347504 0.514957 0.344732 0.518333 0.344620 0.520833
1 0.352936 0.503585 0.355232 0.505460 0.356856 0.502335 0.353468 0.501710
1 0.440240 0.499245 0.436768 0.498203 0.435480 0.496432 0.440240 0.495807 0.444552 0.495807 0.444972 0.498516 0.442872 0.499036 0.438224 0.501224
1 0.582900 0.503793 0.584580 0.505599 0.586540 0.505443 0.586540 0.503498 0.584888 0.502595
1 0.596984 0.524045 0.597740 0.524193 0.601268 0.522248 0.598972 0.520599 0.596844 0.522396
1 0.662756 0.504618 0.664576 0.502517 0.663512 0.501024 0.661552 0.501771 0.661104 0.503724
1 0.670960 0.507917 0.674740 0.505668 0.676252 0.508220 0.671408 0.510017
1 0.658220 0.512873 0.661104 0.509722 0.658220 0.509271 0.655784 0.510773 0.655644 0.512118
1 0.705456 0.511710 0.706772 0.510929 0.708284 0.509540 0.705988 0.509540 0.704952 0.511016
