1 0.243072 0.493012 0.240524 0.496970 0.248168 0.498229 0.249428 0.495347
7 0.266816 0.339505 0.264912 0.255148 0.590804 0.255894 0.591140 0.340625
1 0.514280 0.518047 0.516912 0.512092 0.520048 0.509497 0.522932 0.512352 0.522932 0.517014 0.516380 0.522196
1 0.531724 0.529158 0.526404 0.528785 0.529176 0.532648 0.529932 0.533533
1 0.592904 0.494826 0.587668 0.491198 0.587668 0.497161 0.590020 0.501311 0.593408 0.503125 0.593688 0.498715 0.597860 0.495608
1 0.604440 0.491649 0.606092 0.490252 0.606204 0.489045 0.603040 0.489384 0.602424 0.490686
1 0.566444 0.527257 0.565828 0.530703 0.569328 0.531302 0.571736 0.527856 0.572044 0.525304 0.569328 0.525304
1 0.670940 0.495399 0.674804 0.496528 0.676372 0.498177 0.678668 0.498003 0.678668 0.496094 0.682616 0.496528 0.684212 0.494965 0.682700 0.493490 0.684016 0.491493 0.678136 0.492448 0.676036 0.493837
1 0.656464 0.498958 0.660860 0.497309 0.660860 0.498872 0.660776 0.502170 0.665592 0.502778 0.668756 0.502691 0.675588 0.503472 0.673488 0.500000 0.668756 0.499132 0.668224 0.497222 0.669120 0.493663 0.664556 0.492101 0.662428 0.494965 0.660412 0.495573 0.657528 0.495573 0.655512 0.495573
1 0.717952 0.502101 0.726128 0.497604 0.730132 0.502101 0.733940 0.499939 0.730860 0.497604 0.735592 0.493819 0.735396 0.494002 0.725400 0.492917
1 0.913336 0.519497 0.918656 0.519627 0.923444 0.519245 0.924340 0.517370 0.918516 0.516745 0.912972 0.516745
1 0.917956 0.527274 0.910088 0.525321 0.906896 0.521571 0.900204 0.520972 0.898412 0.518724 0.894464 0.516319 0.889760 0.513620 0.897488 0.515425 0.904180 0.517370 0.911124 0.516172 0.914316 0.513325 0.928708 0.514071 0.930696 0.516172 0.932180 0.520217 0.932040 0.524271 0.935372 0.533125 0.930696 0.527569 0.922352 0.524870
