1 0.030680 0.489227 0.037036 0.489227 0.039220 0.487431 0.034488 0.485807 0.029588 0.485807
0 0.464512 0.537578 0.465604 0.540998 0.468320 0.541181 0.469972 0.538837 0.468320 0.536858 0.467060 0.536858
0 0.528464 0.541102 0.529192 0.542977 0.531712 0.544332 0.533308 0.543290 0.533392 0.541207 0.532244 0.539332 0.529920 0.539332
0 0.566040 0.541102 0.566656 0.542665 0.568868 0.543602 0.570660 0.543498 0.570996 0.541311 0.569400 0.539957 0.567076 0.539540
0 0.512616 0.515339 0.515584 0.514818 0.516564 0.512648 0.515696 0.509175 0.514380 0.508220 0.513064 0.508307 0.512084 0.509523 0.511384 0.512474
0 0.521212 0.508655 0.521828 0.511172 0.523844 0.511693 0.527176 0.510911 0.527624 0.508741 0.527092 0.506311 0.524712 0.505616 0.522164 0.506832
0 0.569288 0.511085 0.568672 0.512821 0.569204 0.514818 0.570856 0.514731 0.572368 0.513776 0.573236 0.511519 0.573236 0.509523 0.571136 0.509783
0 0.713628 0.537014 0.713292 0.539618 0.714552 0.543160 0.716456 0.542535 0.717940 0.541701 0.718864 0.539201 0.717940 0.536910 0.716036 0.536285
0 0.704780 0.536597 0.701812 0.536806 0.700776 0.539306 0.700132 0.541181 0.698760 0.543889 0.700972 0.545243 0.704668 0.541597 0.707496 0.537639
0 0.812748 0.535174 0.812888 0.537873 0.815016 0.538177 0.817144 0.538030 0.817144 0.535929 0.815772 0.533976
0 0.757868 0.514262 0.758120 0.515738 0.759884 0.516510 0.761004 0.516076 0.761368 0.514696 0.760668 0.513646 0.759520 0.513646
0 0.819076 0.511910 0.821008 0.512344 0.822072 0.510868 0.821904 0.509045 0.820672 0.507830 0.819524 0.508264 0.818460 0.510087
0 0.749356 0.494592 0.751204 0.494679 0.751456 0.493377 0.751540 0.491727 0.749692 0.489991
0 0.761312 0.483958 0.761648 0.485208 0.763104 0.485313 0.764588 0.484167 0.763944 0.482604 0.761536 0.482813
