1 0.327196 0.630556 0.331032 0.633819 0.331872 0.631918 0.330220 0.629201
1 0.333636 0.642500 0.335288 0.640330 0.338088 0.641285 0.338788 0.642934 0.338172 0.644410 0.337836 0.645451 0.335736 0.645451 0.332908 0.644410
1 0.326356 0.640938 0.329324 0.642587 0.329576 0.640851 0.331004 0.639983 0.332908 0.639115 0.330892 0.638247 0.329072 0.638160 0.327644 0.639028 0.326944 0.639635
1 0.328540 0.646363 0.328456 0.648238 0.329492 0.649280 0.330864 0.648655 0.331284 0.647196 0.330752 0.646155
1 0.322352 0.632188 0.322044 0.633958 0.324984 0.634583 0.324984 0.632917
1 0.339236 0.652422 0.340496 0.650755 0.341784 0.649193 0.339460 0.649297 0.337780 0.650964 0.337444 0.652109
0 0.489316 0.589965 0.488672 0.592778 0.490632 0.593854 0.492368 0.593854 0.495224 0.592344 0.494552 0.590399 0.492144 0.589748
0 0.619404 0.539210 0.621168 0.541797 0.623996 0.543090 0.627048 0.543090 0.627272 0.539852 0.624220 0.538125 0.621168 0.538125
2 0.582444 0.626814 0.590312 0.625773 0.597396 0.625773 0.600532 0.624219 0.596332 0.622665 0.589528 0.622665 0.584040 0.623698
0 0.823496 0.558464 0.823272 0.560964 0.825792 0.561832 0.827304 0.561337 0.827304 0.559835 0.826156 0.558212
0 0.967360 0.499592 0.966268 0.503481 0.968676 0.505425 0.971504 0.505208 0.972596 0.502396 0.971084 0.499809
