0 0.075560 0.532908 0.075560 0.536285 0.078192 0.538411 0.081496 0.538906 0.083372 0.538038 0.084408 0.535286 0.083764 0.531406 0.079592 0.530538
0 0.111148 0.551641 0.108404 0.553516 0.108404 0.557057 0.109580 0.558516 0.112324 0.557891 0.114732 0.555807 0.114732 0.552995
0 0.161604 0.522092 0.158272 0.523056 0.158972 0.526259 0.161520 0.527300 0.164656 0.524436
0 0.289340 0.526892 0.286484 0.530946 0.287240 0.535295 0.290572 0.535894 0.294352 0.534844 0.295864 0.531094 0.294660 0.528550
0 0.532940 0.517839 0.528376 0.522786 0.531848 0.526233 0.536860 0.524740 0.538372 0.520686
0 0.440904 0.503724 0.441156 0.506155 0.443900 0.506155 0.444404 0.503724 0.443452 0.502769
0 0.583228 0.570226 0.584488 0.566719 0.581212 0.566849 0.580960 0.569349
0 0.688060 0.578212 0.686800 0.580295 0.688172 0.581024 0.690160 0.580191 0.690160 0.579358
0 0.667984 0.493030 0.666500 0.493655 0.666500 0.495842 0.668292 0.496155 0.669020 0.494071
0 0.836068 0.571224 0.836180 0.573307 0.837132 0.574557 0.838812 0.574766 0.839876 0.572474 0.838924 0.571536 0.837356 0.571016
0 0.840716 0.556215 0.840100 0.558090 0.842200 0.559028 0.842928 0.556840
1 0.162192 0.540712 0.163844 0.541319 0.166224 0.541146 0.165076 0.539149 0.162276 0.539583
