0 0.014416 0.549505 0.017664 0.551172 0.019988 0.547943 0.018532 0.546276 0.015256 0.547109
0 0.065124 0.554253 0.069128 0.553941 0.069212 0.551128 0.066804 0.550608 0.065012 0.550608 0.064172 0.552170
0 0.074476 0.513212 0.078144 0.513542 0.080384 0.511024 0.079208 0.507899 0.074168 0.507899 0.072908 0.511024
0 0.077416 0.566719 0.078788 0.569418 0.080916 0.567769 0.080132 0.565964
0 0.052132 0.562300 0.054680 0.562483 0.054316 0.560686 0.052132 0.559783
0 0.502512 0.557179 0.506460 0.556727 0.507356 0.554627 0.506292 0.552977 0.503408 0.551927 0.501756 0.552674 0.500972 0.555078
0 0.751908 0.557604 0.756640 0.554366 0.754988 0.550764 0.749192 0.553281
0 0.759356 0.514401 0.761904 0.516927 0.764648 0.515304 0.763724 0.512422 0.761008 0.512422
0 0.874324 0.550043 0.873400 0.553646 0.876508 0.554002 0.878860 0.551667 0.878496 0.549141 0.876144 0.548247
0 0.850664 0.527005 0.853576 0.525564 0.853576 0.522865 0.851784 0.522682 0.850132 0.524661
0 0.765012 0.551840 0.768092 0.552743 0.769548 0.550043 0.766832 0.548785 0.764816 0.549323
