7 0.005920 0.343950 0.006564 0.257483 0.342872 0.259974 0.341920 0.347066
0 0.627016 0.539505 0.630292 0.539861 0.631944 0.538602 0.630488 0.536085 0.628108 0.535720 0.625756 0.538064
0 0.654652 0.522708 0.655352 0.524010 0.657284 0.524271 0.658152 0.522795 0.657732 0.520365 0.655604 0.521406
0 0.790508 0.550998 0.791292 0.553698 0.794456 0.555052 0.796584 0.554601 0.798096 0.552951 0.798712 0.550547 0.797788 0.548151 0.794624 0.547552 0.791572 0.548750
0 0.782780 0.549349 0.782192 0.550998 0.782948 0.552648 0.784768 0.552648 0.785216 0.551450 0.785524 0.549505
0 0.810528 0.547700 0.808568 0.550703 0.810836 0.551753 0.812488 0.549800
0 0.776676 0.545686 0.780036 0.548186 0.782444 0.548186 0.782136 0.546207 0.778776 0.545052
0 0.910068 0.559080 0.912504 0.557726 0.914184 0.556892 0.914912 0.555122 0.914296 0.554913 0.909452 0.555642 0.908276 0.557830
0 0.963520 0.515868 0.965536 0.516389 0.967300 0.517344 0.968952 0.516823 0.968168 0.515781 0.965732 0.515434 0.962904 0.514740
1 0.099468 0.523359 0.095828 0.524983 0.095828 0.528576 0.098376 0.529661 0.101652 0.527135
