0 0.017624 0.516745 0.022440 0.516745 0.022916 0.514488 0.020956 0.512240 0.017764 0.512387
0 0.035236 0.503368 0.034788 0.505017 0.036804 0.505451 0.038036 0.504497 0.037336 0.503021
0 0.057300 0.520694 0.056152 0.516701 0.053884 0.516944 0.054024 0.519696 0.054892 0.520200
1 0.446136 0.586545 0.448936 0.588550 0.450952 0.590295 0.452856 0.592543 0.453724 0.590799 0.451960 0.587674 0.448292 0.584800
1 0.417464 0.594175 0.419620 0.591797 0.420768 0.589922 0.422644 0.587170 0.423792 0.583550 0.422140 0.581797 0.421132 0.586172 0.419368 0.588793
1 0.414692 0.582925 0.418220 0.581545 0.417464 0.579670 0.413796 0.579549
1 0.418108 0.575920 0.419872 0.576675 0.421384 0.575043 0.418220 0.574045
1 0.416708 0.566302 0.419368 0.567170 0.422532 0.565799 0.420516 0.564045 0.417212 0.563793
1 0.456384 0.572300 0.454116 0.571918 0.450700 0.573924 0.451568 0.577925 0.453864 0.582170 0.455628 0.582674 0.457784 0.580174 0.455488 0.578793 0.454116 0.575920
1 0.485196 0.591424 0.484916 0.594670 0.486316 0.595920 0.487464 0.594175 0.487464 0.591050
0 0.517200 0.551024 0.520728 0.549019 0.521624 0.547023 0.519860 0.545399 0.516304 0.547144
1 0.638636 0.500998 0.640204 0.498707 0.641884 0.498186 0.641884 0.500373 0.640008 0.502248
1 0.630208 0.489957 0.629592 0.486936 0.628220 0.485165 0.628108 0.488707 0.628640 0.490373
1 0.659776 0.489957 0.662100 0.489123 0.662856 0.486936 0.658852 0.486727 0.657900 0.489227
1 0.567824 0.502309 0.569336 0.505313 0.571324 0.504557 0.571156 0.502760
1 0.567068 0.547457 0.571912 0.547161 0.574796 0.544757 0.572388 0.543863 0.567684 0.545208
1 0.503032 0.572812 0.506084 0.574436 0.508212 0.573811 0.508856 0.571189 0.506196 0.570807
1 0.489508 0.564184 0.487268 0.564809 0.486736 0.560938 0.487128 0.559809 0.489508 0.559809 0.487744 0.562813
1 0.477552 0.551241 0.473940 0.549505 0.473688 0.547509 0.474808 0.547335 0.475088 0.548464 0.477188 0.549939
1 0.538172 0.548194 0.540524 0.548194 0.541140 0.549670 0.543072 0.549149 0.541420 0.547240 0.538508 0.547153
1 0.495360 0.500590 0.496088 0.502569 0.497768 0.502778 0.498524 0.500486 0.496928 0.499861
1 0.476460 0.479036 0.477608 0.480286 0.478756 0.480807 0.479596 0.479974 0.479176 0.478411 0.476964 0.477474
1 0.450112 0.479983 0.451428 0.477986 0.451960 0.476250 0.451792 0.474948 0.450112 0.476250 0.449608 0.477465 0.449076 0.479288
1 0.454508 0.485833 0.454508 0.484358 0.455572 0.483229 0.456356 0.482014 0.455572 0.480451 0.453192 0.481233 0.452940 0.482361 0.454424 0.481753 0.454508 0.482622 0.453808 0.483750 0.453360 0.484705 0.453360 0.485573
1 0.463188 0.492691 0.463020 0.494601 0.464252 0.495035 0.465988 0.495816 0.466884 0.494253 0.464868 0.493212
1 0.911692 0.565122 0.913344 0.566918 0.915864 0.567457 0.916060 0.564219 0.913512 0.564036
7 0.533272 0.360556 0.537052 0.275078 0.857652 0.284036 0.855384 0.368394
0 0.427964 0.587543 0.425052 0.588672 0.425052 0.592170 0.426816 0.593793 0.427712 0.592674 0.428580 0.590920
0 0.439080 0.597422 0.438436 0.594549 0.438828 0.594175 0.441348 0.596675 0.442860 0.598793 0.442748 0.600799 0.440340 0.600174
0 0.632224 0.500373 0.632224 0.497561 0.629060 0.497457 0.628528 0.502144 0.630320 0.502352
