0 0.383048 0.542700 0.386996 0.542700 0.387752 0.544800 0.383356 0.545556
0 0.398364 0.539549 0.403656 0.541354 0.407744 0.542552 0.407744 0.540304 0.403040 0.538056
1 0.454280 0.544505 0.458844 0.542101 0.463380 0.541953 0.464136 0.539106 0.459600 0.537604 0.455204 0.540451
0 0.415780 0.544800 0.408360 0.546007 0.408052 0.550651 0.414128 0.548707
1 0.518428 0.543394 0.523132 0.543845 0.523888 0.546840 0.524476 0.549991 0.527052 0.548342 0.527976 0.546094 0.530076 0.545043 0.529628 0.542491 0.528452 0.539792 0.529180 0.537691 0.527052 0.537839 0.524476 0.539045 0.520836 0.541146
0 0.623540 0.515460 0.628720 0.515460 0.629616 0.513212 0.628244 0.510816 0.624772 0.509609 0.624604 0.512465
0 0.769364 0.565417 0.773004 0.566016 0.778156 0.565417 0.780900 0.563012 0.778016 0.560009 0.774376 0.559566 0.770736 0.563012
0 0.330716 0.543021 0.325088 0.541944 0.323268 0.537804 0.327804 0.536727 0.332536 0.539062
0 0.368012 0.539601 0.372380 0.542127 0.376748 0.541762 0.375656 0.536901 0.368740 0.536181
0 0.413064 0.540304 0.416396 0.538802 0.418048 0.537153 0.422920 0.537153 0.424432 0.539705 0.417600 0.541050 0.413064 0.541502
0 0.385764 0.536250 0.380164 0.536701 0.379996 0.541207 0.385932 0.539106
