0 0.787136 0.581198 0.786492 0.577196 0.784112 0.576944 0.783972 0.579323 0.784868 0.580321
0 0.014644 0.532639 0.012180 0.529861 0.013328 0.527778 0.016492 0.527083 0.018760 0.528038 0.019992 0.530122 0.019208 0.531771 0.017024 0.532639
0 0.021476 0.537483 0.021028 0.539653 0.022708 0.540868 0.024556 0.540868 0.025508 0.539653 0.024360 0.537569
0 0.071372 0.531059 0.070588 0.529236 0.067956 0.529149 0.068040 0.531233 0.070084 0.532014
0 0.243964 0.492995 0.242284 0.493689 0.242200 0.495686 0.243348 0.496727 0.244664 0.496641 0.245896 0.494905
0 0.316484 0.481719 0.318892 0.485469 0.320712 0.484714 0.320712 0.482465 0.318892 0.481267
0 0.546504 0.498073 0.552300 0.494826 0.554820 0.491571 0.553812 0.491450 0.550032 0.491450 0.545720 0.493325 0.543704 0.495825 0.543704 0.498194
0 0.571620 0.494071 0.575288 0.491823 0.580468 0.489696 0.585144 0.488325 0.582120 0.487075 0.576548 0.488950 0.571116 0.490573
0 0.621012 0.484575 0.618604 0.485200 0.620004 0.488325 0.622160 0.489201 0.623644 0.486944
0 0.629356 0.487700 0.628824 0.490573 0.630728 0.491450 0.632744 0.488576
0 0.616756 0.476875 0.618856 0.478090 0.619724 0.477135 0.619108 0.476094 0.617372 0.475573
0 0.616532 0.512066 0.619836 0.511545 0.620116 0.509358 0.616840 0.509566
1 0.661864 0.587378 0.663656 0.586233 0.666204 0.586233 0.668836 0.586128 0.667688 0.584983 0.663572 0.585191 0.662004 0.585295 0.660212 0.584878 0.660716 0.587587
0 0.717920 0.595556 0.717780 0.592682 0.719684 0.591684 0.720440 0.592934 0.718928 0.595182
0 0.787640 0.590200 0.789544 0.593698 0.791168 0.593950 0.792064 0.591823 0.791924 0.589071 0.788760 0.588698
0 0.759332 0.594071 0.755692 0.590946 0.755916 0.587951 0.753284 0.586571 0.752388 0.589201 0.753144 0.591319 0.755440 0.594696 0.757568 0.595200
1 0.699468 0.488151 0.702492 0.484401 0.705264 0.483151 0.707812 0.480773 0.711452 0.478151 0.715764 0.474644 0.715120 0.470651 0.710584 0.473898 0.707924 0.476901 0.704648 0.479644 0.700336 0.481398 0.699468 0.484401
0 0.724472 0.478524 0.726348 0.481276 0.727636 0.478524 0.725872 0.477396
0 0.713216 0.495521 0.715764 0.492648 0.720048 0.490651 0.719544 0.486771 0.715876 0.488776 0.712096 0.491519 0.711704 0.494271
0 0.710696 0.505399 0.712964 0.508646 0.713720 0.508151 0.715372 0.506519 0.713608 0.503646 0.712208 0.504401
0 0.781900 0.481493 0.783496 0.482101 0.785232 0.481927 0.784896 0.479141 0.782684 0.478194 0.781368 0.480009
0 0.781760 0.485503 0.781368 0.486780 0.783048 0.487648 0.784896 0.487648 0.784616 0.485573 0.783300 0.485139
0 0.776384 0.495382 0.777784 0.495556 0.778820 0.493898 0.778120 0.491554 0.776636 0.491988 0.775768 0.494080
0 0.797776 0.490078 0.798476 0.493212 0.800156 0.493290 0.802340 0.492161 0.803488 0.490252 0.802956 0.487821 0.801472 0.487135 0.798140 0.488082
0 0.804972 0.486953 0.805588 0.488255 0.806736 0.489045 0.808136 0.487821 0.808052 0.486007 0.806204 0.485738
0 0.814268 0.489740 0.812504 0.491042 0.812504 0.492951 0.813120 0.493290 0.815052 0.492595 0.815864 0.490859
0 0.810320 0.485825 0.810152 0.487474 0.811188 0.488689 0.812700 0.488255 0.813120 0.486866 0.812420 0.485738
0 0.885416 0.488290 0.884800 0.490373 0.885584 0.491502 0.887068 0.491762 0.888384 0.490634 0.888384 0.488984 0.887936 0.488116
0 0.850108 0.592943 0.852292 0.595286 0.855904 0.598889 0.856632 0.596727 0.853916 0.594384 0.851172 0.591146
0 0.854896 0.570191 0.857948 0.571233 0.860832 0.572101 0.863408 0.572187 0.863044 0.570365 0.860776 0.569670 0.857528 0.568715
0 0.849800 0.572708 0.852880 0.574792 0.854084 0.574618 0.854700 0.573229 0.853384 0.572101 0.851200 0.570625 0.849884 0.570625
0 0.829444 0.575313 0.832440 0.575399 0.834624 0.576615 0.836640 0.577222 0.835604 0.575313 0.834204 0.573316 0.832188 0.572795 0.830676 0.573490
0 0.821128 0.593628 0.822164 0.596667 0.824012 0.597448 0.824292 0.596059 0.823760 0.594670 0.822612 0.593715
0 0.816620 0.581319 0.820092 0.581615 0.823872 0.581016 0.821324 0.578767 0.817684 0.578767 0.816144 0.579366
0 0.808556 0.599019 0.811272 0.601311 0.813288 0.602977 0.816116 0.603602 0.816760 0.601415 0.814436 0.601415 0.812952 0.599019 0.810236 0.597665
0 0.775824 0.579019 0.775824 0.581727 0.777616 0.583394 0.780248 0.584436 0.783720 0.584957 0.784756 0.582665 0.781816 0.582144 0.779688 0.581207 0.777392 0.579748
0 0.895356 0.595156 0.897652 0.597448 0.899556 0.599219 0.899556 0.601198 0.899668 0.602656 0.901460 0.601615 0.902076 0.599323 0.899864 0.596198 0.896700 0.594323
0 0.908600 0.592031 0.911456 0.593490 0.912072 0.595573 0.914508 0.594948 0.914592 0.592240 0.911456 0.590677
0 0.887908 0.585182 0.892192 0.584687 0.895720 0.584939 0.896868 0.587439 0.898520 0.588689 0.899892 0.587934 0.900536 0.586189 0.898520 0.584314 0.895356 0.582812 0.891800 0.582682 0.889280 0.583559
0 0.951244 0.515547 0.955920 0.515425 0.960092 0.514922 0.959336 0.512422 0.955052 0.513168 0.949872 0.513299
1 0.948164 0.563819 0.948500 0.564774 0.949312 0.565469 0.950012 0.565295 0.950628 0.564340 0.950544 0.563646 0.949732 0.562865 0.948332 0.560955
