0 0.183436 0.554991 0.188476 0.556293 0.192620 0.554132 0.190856 0.549167 0.185844 0.549167 0.183016 0.551536
0 0.190660 0.561693 0.191080 0.563420 0.194804 0.564714 0.196540 0.562986 0.194132 0.560182
0 0.233864 0.553481 0.237588 0.554349 0.241060 0.558663 0.243468 0.558021 0.241284 0.554783 0.237364 0.551319 0.233640 0.551319
0 0.254808 0.545495 0.259848 0.546571 0.262228 0.543767 0.258084 0.539878 0.254164 0.541389
1 0.739656 0.510052 0.746376 0.506814 0.749820 0.502674 0.745816 0.503394 0.741448 0.505556 0.738172 0.507352
1 0.708716 0.516354 0.716892 0.513481 0.721624 0.510599 0.722548 0.506814 0.716556 0.509878 0.711432 0.511675
1 0.785716 0.502405 0.787368 0.504948 0.790280 0.504349 0.789356 0.501797
1 0.796188 0.507049 0.800276 0.505816 0.799660 0.503151 0.797840 0.504349
1 0.778156 0.508099 0.782384 0.507648 0.782552 0.505252 0.780564 0.505104 0.778744 0.506302
1 0.825420 0.604271 0.828892 0.604991 0.831608 0.602648 0.829424 0.600851 0.825616 0.602292
0 0.947864 0.595104 0.948592 0.597708 0.950188 0.597812 0.951756 0.596562 0.951532 0.594479 0.949656 0.593958
1 0.975724 0.616467 0.977208 0.618967 0.979084 0.617821 0.978860 0.615738
1 0.893292 0.593238 0.892900 0.597622 0.895056 0.598863 0.897072 0.595738
1 0.855212 0.492587 0.860000 0.493958 0.864172 0.493464 0.863528 0.490964 0.858096 0.489332
1 0.851040 0.496589 0.853308 0.498464 0.855212 0.499583 0.858740 0.499210 0.860000 0.497214 0.855212 0.495582
1 0.865320 0.497839 0.863920 0.500582 0.866944 0.502708 0.871620 0.502083 0.873888 0.500339
1 0.867840 0.494714 0.873132 0.496962 0.874392 0.496337 0.874532 0.494957 0.868708 0.490833
1 0.880720 0.507960 0.882372 0.506589 0.885004 0.504583 0.881840 0.504583 0.878564 0.507587
1 0.891640 0.498116 0.893208 0.496467 0.894524 0.494991 0.892816 0.494444 0.891892 0.496033 0.890240 0.496988
1 0.941424 0.510243 0.940556 0.512413 0.941592 0.513802 0.943888 0.514149 0.944840 0.513281 0.943356 0.510851
1 0.963796 0.505642 0.964328 0.508507 0.967548 0.508681 0.968780 0.506771 0.970712 0.505729 0.971580 0.503993 0.967996 0.504080
1 0.979140 0.507465 0.978440 0.508420 0.979924 0.509809 0.981492 0.509028 0.981856 0.507205
1 0.938008 0.520582 0.943020 0.521632 0.943020 0.518628 0.938484 0.517283
0 0.883100 0.608585 0.884164 0.612370 0.886908 0.612370 0.886908 0.609670 0.885620 0.606970
0 0.953968 0.607500 0.955116 0.609375 0.957020 0.611250 0.959428 0.611875 0.957860 0.609688 0.955648 0.606875
0 0.921236 0.606042 0.920284 0.603021 0.918184 0.605208 0.919864 0.607604
0 0.948088 0.502517 0.946520 0.504514 0.947472 0.505903 0.950104 0.503906
0 0.945540 0.498698 0.949208 0.500174 0.951504 0.499740 0.950188 0.497917 0.947220 0.496962
