7 0.540132 0.374462 0.542960 0.289549 0.865128 0.297639 0.863868 0.382865
0 0.810276 0.557760 0.811480 0.559670 0.814112 0.559410 0.815008 0.557066 0.813608 0.556024 0.810612 0.555938
1 0.813328 0.570521 0.812992 0.572951 0.814028 0.574080 0.815624 0.573993 0.816856 0.573472 0.816576 0.570781
1 0.820076 0.568785 0.820272 0.572865 0.820440 0.576424 0.820888 0.578073 0.822708 0.578420 0.824024 0.577031 0.823940 0.573212
1 0.823408 0.580590 0.823940 0.583802 0.826656 0.585104 0.828252 0.585799 0.828952 0.587882 0.829288 0.591094 0.832004 0.593003 0.832536 0.591181 0.829904 0.589618 0.829904 0.586146 0.830184 0.583455 0.828784 0.582760 0.825004 0.581806
1 0.833404 0.593576 0.833768 0.597743 0.834804 0.601389 0.836400 0.601736 0.835952 0.597830 0.835336 0.594097
1 0.828756 0.562500 0.828504 0.559896 0.829988 0.558941 0.828952 0.555122 0.826124 0.556337 0.824388 0.559983 0.827272 0.563194
1 0.825088 0.568403 0.830436 0.572309 0.834188 0.574740 0.836400 0.577170 0.840516 0.581771 0.843596 0.584549 0.844912 0.583507 0.842280 0.577951 0.839732 0.574653 0.836316 0.572309 0.832004 0.570660 0.828588 0.568142 0.827524 0.567274
1 0.823492 0.552344 0.826320 0.550434 0.827104 0.549045 0.828336 0.548437 0.829372 0.550434 0.831836 0.550694 0.829736 0.548177 0.828056 0.546441 0.825340 0.542708 0.825340 0.545139 0.824276 0.547743 0.821560 0.550260
1 0.838416 0.543316 0.842700 0.539931 0.845080 0.541233 0.846648 0.540625 0.845416 0.538715 0.842812 0.538976 0.844464 0.536979 0.846228 0.535417 0.846228 0.532899 0.844716 0.530469 0.842084 0.530469 0.843596 0.533941 0.842532 0.535069 0.841132 0.536024 0.839900 0.537674 0.838584 0.539931
1 0.842448 0.569792 0.843148 0.574479 0.845780 0.575868 0.847796 0.579601 0.849280 0.581684 0.853424 0.580816 0.852444 0.576302 0.849812 0.575000 0.850260 0.573785 0.851408 0.572309 0.850680 0.570747 0.848412 0.571441 0.847348 0.570399 0.846844 0.568663 0.846032 0.566233
1 0.832984 0.556771 0.835252 0.557118 0.836036 0.558507 0.836820 0.561979 0.837352 0.563455 0.838500 0.564670 0.840264 0.563628 0.839368 0.560330 0.838416 0.557726 0.837800 0.554948 0.835168 0.553993 0.832368 0.555122
1 0.897972 0.542509 0.899260 0.546181 0.895144 0.551155 0.897748 0.561085 0.899932 0.566050 0.905616 0.561953 0.906036 0.558281 0.908668 0.552882 0.905168 0.548993 0.904944 0.541866 0.900576 0.536892
0 0.917460 0.552691 0.920708 0.555122 0.922724 0.554514 0.924460 0.551562 0.924740 0.548090 0.923060 0.547569 0.919924 0.548351 0.918244 0.550260
