0 0.078712 0.443411 0.079720 0.445790 0.081988 0.445911 0.083640 0.444418 0.082996 0.441415 0.080112 0.441163
0 0.092740 0.429540 0.094112 0.432292 0.095764 0.432786 0.098284 0.432413 0.099432 0.430286 0.098928 0.427665 0.097528 0.426536 0.094112 0.427292
0 0.099684 0.418290 0.100552 0.419661 0.101812 0.420043 0.103716 0.419540 0.103100 0.417040 0.100552 0.416788
0 0.107972 0.462387 0.109848 0.462387 0.109988 0.460764 0.107216 0.459635
0 0.314612 0.449427 0.318280 0.454358 0.323516 0.455130 0.324580 0.452023 0.321948 0.446319 0.317748 0.446319
0 0.374952 0.441901 0.376464 0.444002 0.379348 0.444757 0.380412 0.443099 0.377080 0.441155
0 0.455592 0.449401 0.457104 0.451354 0.458784 0.451953 0.462396 0.452101 0.464076 0.450903 0.462396 0.447899 0.460744 0.446554 0.458308 0.446406
0 0.554880 0.427335 0.553060 0.429141 0.554320 0.431293 0.555776 0.431120 0.557596 0.428958
0 0.513412 0.453793 0.513216 0.456319 0.516688 0.456675 0.516688 0.453793
7 0.330068 0.299705 0.329312 0.213108 0.657444 0.210122 0.657808 0.295573
