0 0.311408 0.555260 0.316924 0.556554 0.319276 0.551372 0.316392 0.548264 0.309056 0.551892
0 0.331372 0.556536 0.331260 0.558411 0.335040 0.559540 0.335040 0.557292 0.333528 0.555911
0 0.366372 0.554288 0.368388 0.556918 0.371048 0.557413 0.371188 0.555417 0.370796 0.553290 0.369284 0.553038
0 0.355900 0.578663 0.355256 0.581667 0.357664 0.582413 0.360436 0.581163 0.358532 0.578411
0 0.272908 0.551788 0.274420 0.554661 0.277836 0.554540 0.276688 0.552161 0.274672 0.550911
0 0.460004 0.569852 0.457288 0.571050 0.457736 0.574201 0.460620 0.573299
0 0.460480 0.565651 0.461964 0.567604 0.463504 0.567153 0.463504 0.564601 0.462132 0.563854
0 0.697500 0.545781 0.698004 0.548524 0.699908 0.548655 0.701280 0.547153 0.699768 0.544280
0 0.788304 0.593516 0.787184 0.595885 0.788444 0.596510 0.790964 0.595885 0.790824 0.593889
0 0.936256 0.587240 0.938216 0.588741 0.939896 0.587387 0.939420 0.584687 0.936844 0.584991
6 0.507772 0.358819 0.508696 0.288524 0.724324 0.292882 0.723372 0.363177
