2 0.315884 0.391363 0.319300 0.393108 0.321568 0.393481 0.321176 0.391233 0.318908 0.390113 0.317396 0.389861
2 0.328764 0.393611 0.330276 0.396363 0.331928 0.398238 0.334812 0.396858 0.334336 0.395608 0.332040 0.393863
2 0.588856 0.404314 0.590872 0.401936 0.595436 0.401311 0.600868 0.401311 0.602744 0.400434 0.600980 0.399063 0.598068 0.398559 0.592384 0.398689 0.586588 0.401059
0 0.686884 0.430286 0.687640 0.433160 0.690692 0.433663 0.693716 0.432786 0.694108 0.431406 0.693856 0.429661 0.690048 0.429661
1 0.559232 0.498550 0.561332 0.501050 0.563740 0.501884 0.562592 0.499696 0.560800 0.496259 0.559540 0.493342 0.556796 0.495009 0.555648 0.497925 0.556684 0.500738
2 0.787768 0.541432 0.792136 0.540564 0.795384 0.542509 0.799108 0.543802 0.799108 0.540781 0.793004 0.537543 0.789280 0.537543
0 0.937652 0.451146 0.940704 0.453950 0.943336 0.452656 0.943756 0.449627 0.943756 0.447899 0.938968 0.447899
0 0.994828 0.453724 0.992560 0.454627 0.993316 0.457630 0.995136 0.459878 0.998328 0.460026 0.999840 0.457474 0.998636 0.456727 0.996648 0.456727
0 0.995668 0.470069 0.997124 0.469236 0.997348 0.466528 0.992700 0.467257 0.992000 0.469757
1 0.548144 0.479019 0.550328 0.477509 0.550104 0.476215 0.548144 0.475564 0.545512 0.475564 0.544644 0.476866
0 0.301604 0.494809 0.303228 0.497682 0.306644 0.497057 0.308296 0.494809 0.307148 0.492439 0.302864 0.492188
2 0.421724 0.392491 0.426176 0.386016 0.430628 0.382387 0.437432 0.381094 0.438496 0.387569 0.435864 0.391979 0.427492 0.396641 0.416208 0.397422 0.409936 0.392491
