2 0.071960 0.431814 0.074816 0.428976 0.079688 0.427561 0.077812 0.426033 0.076160 0.426467 0.075712 0.424722 0.073724 0.424609 0.072856 0.427344 0.071624 0.430503
0 0.172256 0.528802 0.172592 0.534931 0.174496 0.539497 0.178612 0.540434 0.183064 0.539340 0.186088 0.536189 0.188160 0.532734 0.188300 0.529271 0.188468 0.524714 0.186256 0.523611 0.182420 0.522830 0.177184 0.522040 0.174328 0.525182
0 0.165424 0.512917 0.167188 0.514965 0.170520 0.516233 0.170352 0.511823 0.168616 0.510720
0 0.110964 0.472396 0.112644 0.473715 0.114296 0.474149 0.116228 0.473976 0.116312 0.472066 0.114380 0.470330 0.111580 0.470503
0 0.745332 0.553932 0.748580 0.552786 0.749336 0.551016 0.747012 0.549453 0.745332 0.550599 0.744492 0.552370
0 0.742896 0.540286 0.743848 0.542578 0.746172 0.542578 0.747208 0.540182 0.744688 0.538099
0 0.764428 0.495122 0.765744 0.495903 0.767928 0.496510 0.770140 0.496250 0.771176 0.493906 0.771372 0.492083 0.771540 0.490434 0.770224 0.488958 0.767928 0.488524 0.766808 0.488958 0.765044 0.490087 0.764176 0.492778
0 0.705572 0.473325 0.706440 0.475851 0.708540 0.476623 0.711004 0.476623 0.711368 0.475321 0.708820 0.473498 0.707336 0.472118
0 0.708736 0.466302 0.710668 0.464036 0.709268 0.462569 0.706440 0.463776 0.705824 0.465339 0.704424 0.465512 0.704340 0.468811 0.706104 0.469592 0.706636 0.469852 0.711284 0.471589 0.711536 0.469774 0.708820 0.468212
0 0.950124 0.518394 0.952028 0.519332 0.953176 0.519436 0.954660 0.518811 0.954660 0.516727 0.953092 0.515686 0.950768 0.515582 0.950124 0.517248
0 0.025396 0.517344 0.028112 0.517344 0.028420 0.515391 0.024920 0.514488 0.024024 0.514939
