0 0.069560 0.387057 0.073508 0.383811 0.078520 0.377118 0.082020 0.378845 0.079136 0.383811 0.075692 0.387491
0 0.244084 0.481493 0.247528 0.484010 0.250636 0.483828 0.250972 0.480590 0.245540 0.479514
0 0.334356 0.424332 0.333740 0.425981 0.335224 0.427196 0.337324 0.427457 0.337940 0.425460 0.336540 0.423724
0 0.432020 0.531944 0.433084 0.533715 0.434456 0.535174 0.435296 0.534653 0.435912 0.534340 0.435492 0.532569 0.433196 0.531319
0 0.578684 0.442196 0.579692 0.444444 0.581960 0.445321 0.584368 0.444071 0.584872 0.441823 0.583220 0.440069 0.580448 0.440321
0 0.631912 0.460312 0.631660 0.462049 0.633760 0.462656 0.635160 0.462569 0.636392 0.460920 0.635244 0.460399 0.633312 0.460312
0 0.560400 0.441259 0.561716 0.443429 0.563368 0.443776 0.564768 0.442040 0.564684 0.440043 0.563032 0.438741 0.560484 0.439002
0 0.614608 0.467778 0.616708 0.468403 0.618388 0.468403 0.620488 0.469349 0.620600 0.467778 0.620488 0.467778 0.617240 0.466111 0.614496 0.465694
0 0.613264 0.454158 0.613712 0.455720 0.614216 0.457109 0.615112 0.457196 0.616344 0.455807 0.615980 0.454332 0.614580 0.452943
0 0.808312 0.464271 0.809796 0.466042 0.812316 0.466146 0.812540 0.463021 0.809600 0.462188
0 0.992244 0.447005 0.992860 0.448655 0.994988 0.449253 0.995436 0.448359 0.995436 0.446858 0.993756 0.446102
