1 0.239384 0.540582 0.240868 0.539627 0.242436 0.537023 0.240084 0.535807 0.236388 0.537717
0 0.470832 0.523993 0.471000 0.525564 0.473240 0.525564 0.473240 0.523681 0.471644 0.522257
0 0.067380 0.506250 0.067604 0.509418 0.070348 0.509418 0.072868 0.509870 0.073316 0.507153 0.072644 0.504896 0.069900 0.503759
0 0.494016 0.559774 0.493736 0.563038 0.498972 0.564401 0.501156 0.560052 0.497320 0.557604
0 0.526412 0.551623 0.527252 0.552717 0.530556 0.552439 0.530276 0.550000 0.528064 0.549722
0 0.575524 0.554688 0.575300 0.557057 0.576952 0.559505 0.580228 0.558689 0.580788 0.555972 0.578324 0.554340
0 0.445408 0.545686 0.447004 0.546319 0.449216 0.546163 0.449552 0.543646 0.447172 0.542700 0.446220 0.543333
0 0.468956 0.547040 0.469180 0.548672 0.471364 0.548351 0.471364 0.546380 0.470188 0.545833
0 0.519328 0.535339 0.519776 0.536892 0.521820 0.538073 0.522744 0.536797 0.522100 0.535252 0.520616 0.534523
0 0.627968 0.535642 0.628332 0.536641 0.629088 0.537283 0.630348 0.537370 0.631272 0.536372 0.630628 0.534826 0.628892 0.534184
0 0.670416 0.535668 0.671760 0.538125 0.673860 0.539062 0.676128 0.538125 0.677668 0.535668 0.676128 0.533594 0.673272 0.533030 0.671172 0.533403
0 0.736692 0.575156 0.737644 0.576884 0.738932 0.578620 0.740528 0.579401 0.741956 0.577674 0.742096 0.574688 0.740528 0.573273 0.737980 0.573273
0 0.750692 0.582075 0.752764 0.582387 0.754668 0.582231 0.754808 0.579245 0.752904 0.578455 0.751336 0.579245 0.751000 0.580503
0 0.904440 0.559826 0.903992 0.562083 0.905812 0.562769 0.908332 0.562543 0.908108 0.559826 0.906260 0.558915
7 0.660896 0.373411 0.662828 0.289731 0.984352 0.298420 0.982980 0.382378
1 0.344216 0.545425 0.352644 0.546675 0.356116 0.545530 0.355164 0.543655 0.351272 0.543967 0.344216 0.543967
1 0.276568 0.545009 0.279900 0.544227 0.279984 0.541797 0.276036 0.540842 0.274188 0.543620
0 0.130128 0.544323 0.131780 0.542977 0.131332 0.540573 0.129372 0.539974 0.127832 0.541927
