0 0.509088 0.598993 0.512000 0.598628 0.512896 0.597187 0.510908 0.596111 0.508892 0.596649 0.507632 0.597005 0.507072 0.598090
0 0.875692 0.555469 0.876672 0.555816 0.877820 0.556250 0.879556 0.555556 0.879472 0.554427 0.878156 0.553819 0.876756 0.553993 0.876392 0.554514
0 0.841336 0.605451 0.842960 0.605694 0.844360 0.603194 0.844108 0.601701 0.841840 0.601701 0.840440 0.602326 0.838928 0.602569 0.837920 0.602569 0.837024 0.601944 0.836016 0.600200 0.834896 0.601319 0.835512 0.602326 0.837780 0.604444 0.838928 0.604948
0 0.924188 0.571128 0.927044 0.574158 0.930096 0.573290 0.930096 0.570269 0.926820 0.569184
0 0.863960 0.571997 0.864604 0.575885 0.868552 0.575451 0.869196 0.571563 0.866144 0.570694
0 0.454432 0.570868 0.455524 0.573247 0.458156 0.574115 0.460312 0.571953 0.459444 0.569575 0.456616 0.569358
0 0.237936 0.563064 0.238300 0.564505 0.240120 0.565226 0.243396 0.565590 0.245216 0.564149 0.244124 0.562170 0.240120 0.562170
0 0.941408 0.594861 0.942164 0.597361 0.944460 0.598611 0.946476 0.596233 0.947344 0.593611 0.945468 0.593108 0.943452 0.594609
0 0.977220 0.540052 0.976604 0.542969 0.977024 0.544427 0.978900 0.544115 0.979124 0.541927 0.979236 0.540885
0 0.980356 0.569418 0.982484 0.570920 0.985788 0.570425 0.985284 0.568550 0.982372 0.567170 0.980104 0.568168
6 0.659224 0.381719 0.657404 0.312778 0.873312 0.310078 0.874964 0.379193
