0 0.178300 0.547639 0.179980 0.550191 0.183144 0.550043 0.183144 0.547943 0.181184 0.545990
0 0.257792 0.568203 0.257344 0.570460 0.258856 0.571354 0.260368 0.569705
0 0.256140 0.544054 0.257652 0.547205 0.259920 0.546155 0.259752 0.544957 0.258380 0.544054
0 0.340084 0.563542 0.345236 0.563394 0.346300 0.560391 0.342800 0.559792 0.340364 0.559792 0.340084 0.561892
0 0.295956 0.524774 0.297440 0.525894 0.299204 0.525399 0.298840 0.522648 0.297440 0.521649 0.295676 0.522526
0 0.496856 0.564661 0.498900 0.563281 0.500020 0.561285 0.500020 0.559783 0.499404 0.558663 0.497388 0.558411 0.494980 0.560286 0.494084 0.563906
0 0.499152 0.566163 0.499152 0.567786 0.501280 0.568411 0.504080 0.567161 0.504948 0.565035 0.503940 0.563533 0.502064 0.563663 0.500160 0.564783
0 0.527572 0.563785 0.527432 0.566163 0.527936 0.566910 0.529336 0.567161 0.531352 0.565911 0.531492 0.564036 0.529336 0.563281
0 0.508980 0.564340 0.508728 0.566424 0.510296 0.567465 0.511808 0.566944 0.511276 0.564861
0 0.694284 0.536545 0.693976 0.539045 0.696384 0.540087 0.697448 0.538941 0.697952 0.536753 0.695852 0.535712
0 0.980136 0.567066 0.981396 0.570122 0.984672 0.571024 0.986296 0.568325 0.985400 0.565981 0.981928 0.565981
