0 0.516052 0.577630 0.516360 0.581589 0.518796 0.582630 0.521624 0.582630 0.521540 0.578359 0.518796 0.577630
0 0.006760 0.549123 0.006592 0.552422 0.007656 0.554523 0.008720 0.555130 0.009644 0.554523 0.009784 0.554080 0.010848 0.553030 0.009644 0.549878
6 0.048368 0.356233 0.048116 0.285990 0.270996 0.288325 0.272060 0.357266
0 0.346456 0.535043 0.348276 0.531085 0.352084 0.530000 0.353372 0.533420 0.350992 0.536840 0.349732 0.537205
0 0.365020 0.549800 0.365552 0.552500 0.369556 0.552865 0.371180 0.548898 0.368100 0.547457
0 0.414804 0.560417 0.414188 0.563368 0.416736 0.563976 0.418752 0.561458 0.417184 0.560243
0 0.502024 0.521007 0.503284 0.523194 0.506476 0.523299 0.507400 0.520382 0.505916 0.518403 0.502892 0.519757
0 0.517844 0.573568 0.517116 0.575859 0.518376 0.576797 0.519748 0.577005 0.519944 0.575651 0.520672 0.574193
0 0.518796 0.571380 0.519832 0.572839 0.521540 0.572943 0.522156 0.570443 0.521848 0.569401 0.520252 0.569505
0 0.513280 0.571944 0.514428 0.573854 0.516360 0.573941 0.516864 0.571424 0.515828 0.571076 0.514960 0.571076
0 0.544500 0.567083 0.543380 0.570122 0.544164 0.572031 0.546880 0.572639 0.548196 0.570816 0.548028 0.568212
0 0.546880 0.561615 0.547048 0.565868 0.549428 0.566215 0.551080 0.563872 0.550464 0.561354 0.548896 0.560312
0 0.779840 0.553490 0.781492 0.556736 0.784656 0.556858 0.785776 0.555234 0.784656 0.552613 0.781128 0.552483
0 0.852472 0.556354 0.853536 0.560104 0.858548 0.561007 0.859892 0.559358 0.861124 0.555608 0.859304 0.554410 0.854768 0.554410
0 0.974216 0.564175 0.975084 0.565686 0.977044 0.566337 0.979452 0.564609 0.978780 0.563524 0.976400 0.561797
0 0.847880 0.572196 0.848188 0.568594 0.845892 0.567995 0.844072 0.570399 0.843792 0.573099 0.846956 0.573993
0 0.904328 0.537274 0.905252 0.538620 0.906092 0.538724 0.907268 0.538724 0.907688 0.537378 0.906848 0.536016
0 0.764188 0.508924 0.765112 0.511172 0.768136 0.511172 0.768136 0.508924 0.766484 0.508030
0 0.905868 0.516962 0.906176 0.519965 0.908612 0.520269 0.910096 0.517865 0.910712 0.515469 0.909508 0.514262 0.906792 0.515469
