0 0.101484 0.515347 0.105040 0.519826 0.108428 0.520243 0.110724 0.520556 0.113888 0.519722 0.114644 0.518368 0.111060 0.515764 0.105572 0.514097
0 0.117584 0.507014 0.117696 0.510139 0.121476 0.509618 0.122428 0.507014 0.118956 0.504931
0 0.311820 0.510443 0.312016 0.513984 0.315796 0.514505 0.315908 0.514505 0.316636 0.512943 0.315796 0.510234 0.313920 0.509609
0 0.370648 0.507526 0.370760 0.510755 0.374120 0.511380 0.376752 0.509714 0.374540 0.506901
0 0.384648 0.509297 0.386328 0.513047 0.387392 0.513464 0.390136 0.513776 0.390976 0.510964 0.389492 0.507734 0.386020 0.507318
0 0.391284 0.504922 0.392432 0.507630 0.394532 0.508047 0.396660 0.506589 0.394952 0.504193 0.393384 0.503776
0 0.470496 0.506050 0.473660 0.511172 0.476572 0.511293 0.478588 0.509922 0.478952 0.506172 0.475816 0.503793 0.472260 0.504297
0 0.550576 0.509922 0.552228 0.513299 0.554496 0.514175 0.559564 0.513924 0.560936 0.512300 0.560684 0.509418 0.559172 0.507300 0.557912 0.506545 0.553740 0.505799 0.551332 0.506675
0 0.596300 0.518828 0.595516 0.520998 0.597000 0.522387 0.597812 0.522648 0.599632 0.521953 0.599996 0.520564 0.599296 0.519002 0.598148 0.518134
0 0.720228 0.509661 0.721908 0.511745 0.724652 0.512682 0.727592 0.511849 0.727592 0.508932 0.725996 0.507161 0.723700 0.506328 0.720956 0.506641
0 0.788968 0.518411 0.790004 0.522057 0.790732 0.522682 0.793700 0.523411 0.797704 0.522266 0.798628 0.519141 0.796864 0.516224 0.794316 0.514766 0.790536 0.515391
0 0.845696 0.532370 0.846536 0.534870 0.847908 0.536016 0.851268 0.535703 0.851996 0.533516 0.850960 0.531016 0.847684 0.530391
0 0.838584 0.510764 0.840012 0.513516 0.842420 0.514141 0.843792 0.514141 0.844632 0.510182 0.842840 0.508307 0.840320 0.508203
0 0.853788 0.527891 0.854964 0.530078 0.856644 0.530078 0.858744 0.529974 0.859052 0.526745 0.856532 0.525286 0.854740 0.525599
0 0.860004 0.511328 0.860116 0.512474 0.860732 0.514453 0.863476 0.514453 0.865996 0.511953 0.865072 0.510495 0.863168 0.508932 0.860844 0.509453
0 0.865800 0.524974 0.864960 0.526745 0.867480 0.527578 0.870644 0.526641 0.868740 0.523932
0 0.816744 0.489757 0.817136 0.491675 0.818256 0.492049 0.820524 0.490799 0.820132 0.488299 0.817500 0.488299
