0 0.126640 0.525590 0.127004 0.527344 0.129524 0.528212 0.131680 0.527092 0.131820 0.523837 0.129160 0.522839 0.127256 0.523464
0 0.108328 0.522587 0.109588 0.524592 0.111604 0.524592 0.111856 0.522587 0.109700 0.521094
0 0.178300 0.506589 0.178552 0.508342 0.180960 0.508464 0.181688 0.506962 0.179560 0.505712
0 0.210192 0.499731 0.209772 0.501467 0.210444 0.502943 0.212292 0.503116 0.214056 0.502335 0.214140 0.499470 0.212572 0.498950
0 0.206692 0.489227 0.206776 0.490530 0.208176 0.490877 0.209940 0.489488 0.210024 0.488533 0.207308 0.487839
0 0.162256 0.527049 0.165140 0.527569 0.165224 0.525747 0.162508 0.524010
1 0.153408 0.520903 0.155676 0.518524 0.156936 0.516155 0.155032 0.516649 0.152764 0.517656 0.151364 0.519401 0.150636 0.521901
0 0.256532 0.503385 0.255776 0.505486 0.257456 0.507135 0.259584 0.506241 0.258968 0.503689
0 0.670932 0.521406 0.672612 0.522604 0.676084 0.522300 0.675496 0.519601 0.673368 0.518707 0.671100 0.518707
0 0.693304 0.540226 0.695124 0.537378 0.692856 0.536476 0.690896 0.536927 0.690420 0.539175
