1 0.565044 0.483186 0.568376 0.483359 0.570924 0.483707 0.579520 0.484227 0.581788 0.483533 0.578988 0.481884 0.575320 0.482318 0.574424 0.481797 0.573192 0.481016 0.571176 0.481710 0.568992 0.481797 0.567060 0.480842
1 0.378368 0.463568 0.376520 0.463394 0.377500 0.462005 0.379684 0.460877 0.381364 0.460964 0.381784 0.463394 0.380916 0.463741
1 0.204236 0.471276 0.203368 0.468898 0.209472 0.468030 0.212328 0.469766 0.212972 0.470842 0.209472 0.471276
1 0.176292 0.501302 0.172148 0.496545 0.175648 0.495469 0.177188 0.495686 0.181976 0.501293 0.181108 0.503238
1 0.366860 0.501215 0.364284 0.500469 0.363696 0.503012 0.364284 0.505113 0.366272 0.506467 0.368232 0.504062 0.368680 0.502865
1 0.924284 0.462266 0.933888 0.463342 0.933888 0.466372 0.937808 0.462700 0.939124 0.459462 0.933664 0.459462 0.927980 0.461189
0 0.824828 0.488108 0.829924 0.486892 0.831576 0.484896 0.831492 0.481858 0.829728 0.479427 0.827096 0.478559 0.822028 0.478385 0.818584 0.480903 0.817996 0.482639 0.818080 0.485243 0.819480 0.487153 0.822532 0.488108
1 0.843756 0.483056 0.846080 0.481181 0.846080 0.478681 0.840508 0.478264 0.838184 0.480868 0.840312 0.483056 0.839248 0.485347 0.839136 0.488056 0.841880 0.488368 0.844316 0.486493
1 0.573696 0.467700 0.575348 0.465608 0.576132 0.462604 0.573864 0.461102 0.570812 0.463056 0.567172 0.463351 0.564148 0.462908 0.565212 0.464106 0.565828 0.466953
1 0.551128 0.469957 0.551408 0.466354 0.550064 0.462457 0.544884 0.463056 0.540040 0.464253 0.542476 0.466207
1 0.923948 0.486484 0.926692 0.484505 0.928680 0.482161 0.929604 0.479462 0.929408 0.475503 0.926888 0.474783 0.924312 0.474965 0.921400 0.476398 0.920672 0.478559 0.919944 0.481979
1 0.935960 0.487561 0.932516 0.481623 0.932684 0.479280 0.934700 0.476042 0.937444 0.474965 0.941616 0.476398 0.942680 0.477665 0.943072 0.480538 0.942512 0.484679 0.941812 0.487023 0.936324 0.487561
1 0.168116 0.476884 0.170244 0.480009 0.173296 0.479010 0.172904 0.475009 0.168368 0.475512
1 0.163804 0.457509 0.164700 0.461137 0.168984 0.459635 0.169124 0.456762 0.165708 0.455260
1 0.313240 0.459740 0.315396 0.462335 0.318672 0.461467 0.317356 0.458229 0.314752 0.457578
