0 0.020428 0.583238 0.021408 0.583845 0.023144 0.584280 0.024040 0.584193 0.023928 0.582717 0.022724 0.581762 0.021576 0.581936
0 0.070716 0.561354 0.069456 0.560521 0.068280 0.561875 0.068700 0.563333 0.070408 0.564271 0.072284 0.563021
0 0.243364 0.566389 0.245352 0.568637 0.248376 0.568038 0.248824 0.565035 0.246724 0.563385 0.245044 0.563689
0 0.419204 0.573602 0.418616 0.576753 0.420408 0.578099 0.423600 0.576155 0.424664 0.573750 0.421332 0.572101
0 0.679156 0.586510 0.681340 0.590182 0.683524 0.590399 0.685260 0.589748 0.683524 0.584132
0 0.603780 0.592326 0.604928 0.593021 0.606244 0.592153 0.606244 0.590590 0.605096 0.590156 0.603696 0.590156
0 0.787712 0.584618 0.788468 0.587535 0.792248 0.587222 0.792444 0.585660 0.792360 0.583160 0.790568 0.583056 0.789084 0.583160
0 0.857852 0.583125 0.861856 0.582187 0.861016 0.580104 0.857964 0.579583 0.856816 0.581354
1 0.959184 0.598863 0.962544 0.603967 0.960136 0.607925 0.954760 0.607613 0.951288 0.604800 0.952744 0.600113
10 0.971224 0.587196 0.958988 0.577335 0.955824 0.569679 0.967612 0.563003 0.977552 0.568333 0.985252 0.578681 0.989312 0.589878 0.978476 0.600582 0.968060 0.604167 0.967136 0.593464
0 0.015948 0.578898 0.017012 0.580460 0.020260 0.580720 0.022724 0.580720 0.024040 0.579592 0.023844 0.577509 0.020960 0.577509 0.017628 0.578290
