0 0.355472 0.563455 0.358580 0.566354 0.361492 0.565269 0.362388 0.563108 0.360764 0.560573 0.356396 0.559332 0.354744 0.560955
1 0.252936 0.572986 0.259460 0.578177 0.267552 0.579036 0.275420 0.576450 0.277576 0.570399 0.268420 0.572344 0.263604 0.572561 0.259236 0.570833 0.257052 0.569965
1 0.282588 0.579905 0.276680 0.584436 0.280208 0.589193 0.289812 0.587031 0.295272 0.580981 0.293088 0.578177 0.287600 0.578602
0 0.299780 0.505816 0.300088 0.509714 0.303252 0.509870 0.304764 0.507014 0.302804 0.505069
0 0.292220 0.538819 0.293452 0.541215 0.296924 0.540017 0.295104 0.538516
0 0.617104 0.520712 0.618168 0.523047 0.621304 0.523047 0.623124 0.521198 0.620520 0.519132
0 0.796444 0.548646 0.799272 0.553003 0.803668 0.551137 0.803668 0.547717 0.800532 0.547092
7 0.388400 0.359080 0.391592 0.274870 0.713844 0.285174 0.712024 0.369384
0 0.348136 0.535573 0.350404 0.533446 0.350264 0.531571 0.349256 0.531198 0.347240 0.531076 0.346092 0.532700 0.345728 0.534696
0 0.508044 0.522717 0.509836 0.521571 0.509640 0.520009 0.507428 0.519800 0.506168 0.520842 0.506588 0.521875
1 0.694636 0.590712 0.695896 0.589774 0.697912 0.588524 0.697576 0.586962 0.693908 0.587066 0.690548 0.587587 0.688532 0.588420 0.692312 0.591128
