0 0.453316 0.487917 0.455416 0.488872 0.456312 0.487396 0.455780 0.485573 0.454548 0.485660
0 0.036928 0.528915 0.036760 0.532153 0.041296 0.533594 0.042948 0.529635 0.040036 0.526571
0 0.084304 0.558342 0.086656 0.561458 0.091892 0.560156 0.089008 0.555234
0 0.073552 0.562231 0.078004 0.568194 0.082988 0.566120 0.075932 0.560156
0 0.122552 0.513247 0.120452 0.518950 0.128824 0.519722 0.131708 0.510391 0.127004 0.508316
0 0.296768 0.561997 0.296236 0.567934 0.298056 0.569375 0.300772 0.566137 0.300408 0.561997
0 0.267844 0.573333 0.266752 0.574592 0.268012 0.576215 0.270196 0.577118 0.272044 0.574418
0 0.279492 0.560911 0.278008 0.564696 0.280416 0.566137 0.282936 0.562352
0 0.258016 0.551372 0.259668 0.553715 0.263672 0.553177 0.263112 0.549939 0.260032 0.548854
0 0.217472 0.574957 0.220384 0.570278 0.215820 0.568837 0.213104 0.572613 0.213636 0.575313
0 0.261292 0.560556 0.263840 0.564514 0.266220 0.562352 0.264400 0.560017
0 0.305140 0.543099 0.306792 0.546875 0.308584 0.546693 0.309312 0.543099
0 0.345068 0.483273 0.346496 0.487439 0.349296 0.488047 0.352628 0.487500 0.355428 0.484661 0.353664 0.480668 0.350332 0.478932 0.346384 0.479800
0 0.357444 0.473116 0.358676 0.474679 0.358060 0.476589 0.359908 0.477109 0.361140 0.475286 0.360776 0.472509 0.358844 0.472248
0 0.359376 0.492040 0.359908 0.494557 0.361308 0.494818 0.363576 0.493516 0.363072 0.491085 0.360776 0.490564
0 0.354476 0.460616 0.353580 0.462700 0.355344 0.464523 0.357528 0.464089 0.358228 0.461832 0.357276 0.460443
0 0.355932 0.450773 0.358564 0.453116 0.360328 0.453116 0.360832 0.451293 0.358564 0.449644
0 0.395496 0.470825 0.395916 0.472474 0.396812 0.472908 0.398828 0.471606 0.399080 0.470738 0.397148 0.469870
0 0.407648 0.562578 0.409860 0.566849 0.411428 0.563620 0.409860 0.561641
0 0.426996 0.462396 0.428424 0.464653 0.429992 0.463958 0.430160 0.461701 0.428060 0.461181
0 0.479552 0.492083 0.480784 0.494340 0.481736 0.494167 0.482632 0.493299 0.482100 0.491910 0.481316 0.491562
0 0.500524 0.478108 0.502176 0.479497 0.503772 0.479149 0.504276 0.477847 0.502008 0.476806
0 0.487420 0.489939 0.487868 0.491762 0.489268 0.491589 0.489884 0.489766 0.488680 0.488802
0 0.476024 0.465894 0.475856 0.467804 0.477592 0.468411 0.478656 0.466589 0.477956 0.465807
0 0.527348 0.577101 0.528384 0.577969 0.530764 0.579531 0.532864 0.580226 0.534096 0.580486 0.536112 0.579705 0.536280 0.577708 0.533732 0.575104 0.531464 0.573628 0.528132 0.572934 0.526116 0.575017
0 0.504892 0.575885 0.506460 0.576233 0.507944 0.576319 0.508560 0.574670 0.507692 0.573368 0.504976 0.572760 0.504192 0.574236
0 0.533844 0.547700 0.533508 0.549957 0.536056 0.550043 0.536644 0.547873 0.534992 0.547179
0 0.528328 0.545616 0.530344 0.547179 0.531996 0.545964 0.529560 0.544835
0 0.558064 0.510460 0.561340 0.511363 0.564980 0.510104 0.564420 0.506502 0.560780 0.506502 0.557168 0.507943
0 0.552800 0.497144 0.557336 0.492639 0.555880 0.491918 0.551708 0.493003 0.550420 0.493898 0.550056 0.496241
0 0.514272 0.486372 0.518920 0.485677 0.523372 0.483681 0.523204 0.481771 0.519004 0.483247 0.514692 0.483941 0.512956 0.486285
0 0.558736 0.472422 0.559968 0.472509 0.561032 0.471293 0.560500 0.469123 0.559268 0.469210 0.557700 0.471554
0 0.537064 0.485078 0.535636 0.482821 0.534768 0.483776 0.534768 0.485773 0.535748 0.486207
0 0.510744 0.477352 0.513628 0.477439 0.514440 0.476137 0.511528 0.475530 0.509596 0.476658
0 0.532808 0.466554 0.533340 0.464045 0.533424 0.463082 0.531240 0.464149 0.531128 0.466493
0 0.666620 0.479609 0.670876 0.476163 0.672864 0.471962 0.668608 0.471059 0.665584 0.473316 0.663764 0.478559
0 0.658752 0.479766 0.659816 0.476163 0.657240 0.473464 0.654188 0.477361 0.656792 0.480816
0 0.660124 0.498663 0.659508 0.502413 0.662532 0.502717 0.663456 0.499410 0.662700 0.497309
0 0.639040 0.499714 0.640552 0.498516 0.642540 0.496562 0.637976 0.495365 0.636632 0.498516
0 0.705036 0.543134 0.709432 0.538342 0.707752 0.535634 0.698652 0.538785 0.702292 0.542240
0 0.813256 0.496892 0.818520 0.497431 0.821628 0.495269 0.817092 0.493837 0.813984 0.495087
0 0.761372 0.482509 0.762884 0.483411 0.765320 0.482656 0.765320 0.482656 0.765768 0.482205 0.763640 0.481007
0 0.820592 0.506823 0.826164 0.506094 0.827312 0.503073 0.823112 0.503385 0.820060 0.504531
0 0.933824 0.545200 0.938892 0.549201 0.944436 0.550330 0.946088 0.546450 0.944072 0.542830 0.941048 0.540703 0.936988 0.540573 0.934216 0.542205
0 0.689580 0.507196 0.689664 0.505720 0.688628 0.504245 0.687144 0.504332 0.686164 0.505547 0.685912 0.506762 0.686528 0.507370
0 0.679584 0.494358 0.680172 0.492969 0.681152 0.492448 0.681068 0.491406 0.680368 0.489844 0.679220 0.490538 0.678352 0.491840 0.677736 0.492274 0.676756 0.492622 0.676756 0.494184 0.677288 0.494878 0.678156 0.495226 0.678604 0.495139
0 0.717524 0.469627 0.716572 0.468672 0.716208 0.467196 0.717076 0.466849 0.718504 0.466936 0.718672 0.467543 0.718756 0.468151 0.718924 0.469106 0.718756 0.469800 0.718392 0.470148
0 0.020968 0.484470 0.022788 0.481363 0.020688 0.479549 0.017300 0.480061 0.017048 0.482396 0.017048 0.484470
0 0.091668 0.543733 0.092928 0.541927 0.091668 0.539948 0.089092 0.540130 0.089484 0.541753
0 0.724580 0.527057 0.728612 0.527839 0.730880 0.527578 0.732476 0.527318 0.733792 0.522543 0.733092 0.521762 0.730880 0.522283 0.727296 0.523325 0.726148 0.524280 0.725700 0.524540 0.724496 0.524974
