0 0.019284 0.546814 0.015140 0.545512 0.013180 0.548108 0.015812 0.550052 0.017548 0.550269
0 0.092420 0.551780 0.096564 0.553507 0.097656 0.551562 0.094380 0.550269
0 0.182076 0.536302 0.179500 0.533151 0.177820 0.536146 0.179808 0.537648
0 0.189020 0.504262 0.187200 0.505156 0.188404 0.507561 0.189020 0.507856 0.191736 0.507561 0.191736 0.505304
0 0.376284 0.499861 0.379644 0.501510 0.382360 0.501215 0.381912 0.499410 0.379924 0.497465 0.377516 0.497465
0 0.425004 0.554401 0.427552 0.552595 0.427552 0.548099 0.423744 0.548464 0.421028 0.551519 0.422652 0.554219
0 0.456168 0.546181 0.459192 0.545286 0.458744 0.542882 0.456308 0.542587 0.455692 0.544679
0 0.672552 0.539731 0.676332 0.541380 0.678320 0.543030 0.681512 0.543186 0.680896 0.540182 0.679524 0.538984 0.673756 0.537483
0 0.746472 0.501979 0.748768 0.500981 0.748124 0.499349 0.746472 0.499349 0.745464 0.500851
0 0.929312 0.561780 0.931132 0.564297 0.932420 0.563038 0.934044 0.560877 0.930236 0.559436
0 0.956332 0.498663 0.958600 0.498411 0.958600 0.496918 0.956444 0.496667 0.954932 0.497161
