0 0.742736 0.514470 0.745228 0.518003 0.747412 0.516380 0.747132 0.512847 0.744388 0.512847
1 0.811224 0.544687 0.818784 0.546276 0.832280 0.545816 0.836396 0.544462 0.833876 0.542196 0.826092 0.542196 0.817860 0.542422 0.811000 0.542422
0 0.588428 0.561059 0.590668 0.559175 0.591284 0.557127 0.589688 0.555556 0.586524 0.556189 0.585880 0.559488
1 0.333684 0.535616 0.334048 0.538637 0.336456 0.539418 0.338164 0.537057 0.336456 0.534705
1 0.264160 0.538898 0.266792 0.538898 0.271160 0.539418 0.274604 0.539158 0.276060 0.537587 0.274744 0.535616 0.268696 0.535764 0.263880 0.536667
1 0.212080 0.537127 0.213396 0.539227 0.216560 0.538438 0.219472 0.537917 0.220536 0.538568 0.225436 0.540139 0.228348 0.539227 0.231120 0.538568 0.234592 0.536606 0.235628 0.533724 0.235628 0.533724 0.230616 0.533854 0.226108 0.534115 0.221320 0.536076 0.216308 0.535425 0.214852 0.535165
1 0.176884 0.536536 0.177724 0.540069 0.181560 0.539800 0.184024 0.536536 0.182932 0.534366 0.180468 0.534635
0 0.872740 0.528811 0.877416 0.528689 0.877808 0.527188 0.877416 0.525807 0.874644 0.525434 0.872880 0.525937 0.872236 0.526936
0 0.118420 0.497257 0.119904 0.496736 0.120520 0.495087 0.118952 0.494653 0.116656 0.495052 0.117524 0.496823
1 0.895308 0.550920 0.897408 0.552622 0.898164 0.549227 0.896624 0.548472
1 0.131860 0.537899 0.135164 0.540339 0.139280 0.540339 0.139812 0.537622 0.135696 0.535720
