0 0.239684 0.529939 0.242428 0.530477 0.244780 0.530295 0.244780 0.527413 0.242596 0.527057 0.240048 0.527778
0 0.348268 0.522561 0.349920 0.525078 0.353000 0.525616 0.355016 0.523099 0.354288 0.519679 0.351012 0.519314 0.349724 0.520035
1 0.533684 0.520781 0.532816 0.523524 0.533936 0.524531 0.535336 0.523655 0.535700 0.521406
1 0.512740 0.521901 0.512964 0.524149 0.515008 0.522405 0.514224 0.520651
1 0.535840 0.509905 0.537240 0.512274 0.538612 0.510530 0.537492 0.508655
1 0.613680 0.512135 0.615444 0.515512 0.618356 0.514262 0.616704 0.510642
0 0.250464 0.513030 0.252900 0.512882 0.253516 0.511085 0.252452 0.510486 0.250772 0.511233
0 0.255476 0.513333 0.256372 0.515434 0.258500 0.514236 0.258808 0.511684
0 0.273816 0.504036 0.275328 0.505530 0.277596 0.504635 0.277316 0.502986 0.275496 0.502986
0 0.276840 0.510078 0.277064 0.511536 0.278128 0.512578 0.279164 0.511224 0.278968 0.508828
0 0.239712 0.520252 0.241112 0.519123 0.241728 0.517561 0.240748 0.517387 0.239628 0.518082 0.238564 0.519818
0 0.243296 0.543090 0.244864 0.544826 0.246460 0.543958 0.245676 0.541875 0.244808 0.542135
0 0.269868 0.546215 0.270764 0.550382 0.272416 0.554028 0.273312 0.556458 0.276448 0.557587 0.276364 0.555330 0.274264 0.550990
0 0.271716 0.539097 0.274712 0.543872 0.277344 0.548906 0.279892 0.550556 0.281712 0.550382 0.283560 0.549427 0.280228 0.547691 0.279276 0.545260 0.279080 0.543264 0.277344 0.541441 0.275944 0.541441 0.275664 0.540226 0.274628 0.538229 0.274796 0.535538 0.271464 0.534323 0.268832 0.536233 0.270148 0.536493
0 0.257436 0.529531 0.263512 0.529384 0.267460 0.529236 0.273676 0.529531 0.272752 0.527734 0.268972 0.526380 0.261832 0.526536 0.258360 0.527587
0 0.252900 0.522335 0.256848 0.521736 0.259872 0.519479 0.257296 0.518733 0.255336 0.519332 0.253348 0.520087
0 0.484656 0.512804 0.485916 0.513342 0.486840 0.512622 0.486280 0.511363 0.484824 0.510642 0.483564 0.511719
