0 0.237744 0.519193 0.239620 0.522300 0.243708 0.522925 0.245584 0.519193 0.244016 0.517326 0.241188 0.516701
0 0.367216 0.543142 0.369428 0.545937 0.371304 0.543455 0.370380 0.541589
0 0.419408 0.555894 0.420976 0.559627 0.424756 0.559314 0.425680 0.556519 0.422852 0.555269
0 0.498312 0.547188 0.500496 0.550920 0.504584 0.551536 0.506152 0.547491 0.504892 0.545321 0.501140 0.545321
0 0.578700 0.553811 0.579960 0.557543 0.582788 0.557543 0.584972 0.555990 0.582144 0.551944
0 0.528104 0.546970 0.529672 0.550391 0.533116 0.549453 0.534376 0.545720 0.530932 0.544792
0 0.465244 0.568993 0.470256 0.568134 0.469612 0.564670 0.465888 0.566189
0 0.454212 0.561510 0.456844 0.562543 0.459196 0.560469 0.456312 0.558394
0 0.482996 0.535148 0.481960 0.538776 0.484844 0.540590 0.485376 0.537483 0.484844 0.535408
0 0.982040 0.564852 0.986744 0.568273 0.987360 0.564227 0.987052 0.562361 0.983608 0.562361
