0 0.085656 0.528160 0.083836 0.525894 0.080616 0.529514 0.082912 0.532005 0.084508 0.530200
0 0.352972 0.550035 0.352188 0.552674 0.353728 0.553811 0.356584 0.553056 0.356192 0.550408
0 0.214036 0.544740 0.211628 0.546493 0.213028 0.548993 0.214904 0.549366 0.215660 0.548238 0.216052 0.545365
0 0.205188 0.551736 0.207204 0.550990 0.206196 0.549236 0.204040 0.549488 0.202276 0.550868 0.203536 0.552361
0 0.399368 0.536181 0.398920 0.533776 0.396764 0.533160 0.395896 0.536181 0.397856 0.536927
0 0.428348 0.532500 0.429916 0.532066 0.430616 0.531545 0.432464 0.530243 0.432128 0.528767 0.429748 0.529722 0.428712 0.530851
0 0.668224 0.512778 0.669876 0.515026 0.673376 0.515026 0.673068 0.511276 0.671556 0.510677 0.668672 0.510382
0 0.820040 0.546155 0.819732 0.548255 0.821860 0.550356 0.825192 0.550799 0.826256 0.548403 0.825192 0.545851 0.822756 0.545104
0 0.776080 0.521406 0.776976 0.523950 0.778964 0.523950 0.779412 0.522153 0.778348 0.519905
0 0.920112 0.554609 0.922408 0.555043 0.923444 0.553220 0.922408 0.552266 0.920924 0.553047
0 0.939040 0.547352 0.940860 0.546007 0.939348 0.544505 0.937220 0.544957 0.936772 0.546606
