0 0.777116 0.544549 0.778068 0.547587 0.779384 0.547674 0.780448 0.546285 0.781232 0.544462 0.779300 0.544462
0 0.772020 0.537517 0.770088 0.539167 0.772804 0.540556 0.776052 0.540729 0.778180 0.538385 0.776304 0.537431
0 0.640056 0.523498 0.641260 0.524453 0.643892 0.524627 0.646272 0.523845 0.642688 0.522804
0 0.643892 0.528359 0.643892 0.529748 0.645376 0.530009 0.647308 0.529054 0.647672 0.527665 0.645572 0.527665
0 0.659600 0.527578 0.659404 0.529661 0.661952 0.530790 0.663884 0.530182 0.663184 0.528359 0.661252 0.527318
0 0.505992 0.531215 0.505992 0.533212 0.507308 0.533646 0.508176 0.532083 0.507140 0.530434
0 0.504480 0.530799 0.504396 0.529410 0.503696 0.527674 0.502464 0.528194 0.502464 0.530451 0.503528 0.531406
0 0.518396 0.525069 0.518284 0.527700 0.521812 0.526701 0.521420 0.524201
0 0.525984 0.525069 0.526096 0.527700 0.528392 0.528576 0.529652 0.527700 0.528756 0.524575
7 0.549364 0.297448 0.549980 0.215339 0.876544 0.212847 0.876544 0.299627
0 0.338272 0.484253 0.339168 0.486649 0.342052 0.486953 0.343732 0.485755 0.343564 0.483351 0.339784 0.482005
0 0.146864 0.521823 0.145604 0.524201 0.146864 0.525069 0.149132 0.525321 0.149636 0.522821
