0 0.871148 0.505026 0.873416 0.504531 0.874816 0.503906 0.874060 0.503030 0.873304 0.502405 0.869888 0.501910 0.868880 0.502405 0.868880 0.504531 0.869384 0.505278
0 0.823968 0.535903 0.826824 0.535747 0.827300 0.535599 0.827608 0.533802 0.827608 0.532300 0.825480 0.531250 0.823044 0.531997 0.822428 0.534253
0 0.908248 0.534080 0.910404 0.534470 0.911916 0.533828 0.912420 0.532847 0.912672 0.530833 0.911300 0.530582 0.909396 0.530582 0.907492 0.531076 0.906876 0.532847 0.907380 0.533576
0 0.113048 0.523845 0.115428 0.527500 0.118480 0.527283 0.119152 0.523845 0.118060 0.523845 0.115428 0.522769
0 0.079420 0.518429 0.081156 0.521042 0.084208 0.520590 0.085972 0.517344 0.084656 0.515642 0.080736 0.515642
0 0.209732 0.537917 0.211916 0.540078 0.214828 0.539184 0.214828 0.536302 0.212840 0.534861 0.210656 0.535217
0 0.533104 0.524167 0.534924 0.526710 0.538200 0.526510 0.537108 0.523090 0.534560 0.522387
0 0.584400 0.534792 0.584596 0.537665 0.589132 0.538750 0.589692 0.537309 0.588236 0.535330 0.586780 0.534245
0 0.506140 0.548212 0.507064 0.551215 0.510704 0.551363 0.511600 0.547908 0.508884 0.546259 0.506448 0.546858
7 0.612288 0.344167 0.615116 0.260191 0.936976 0.267344 0.936668 0.352569
