0 0.144592 0.443924 0.145292 0.446441 0.147840 0.446441 0.148792 0.444878 0.147924 0.442795 0.145740 0.442274
0 0.280000 0.422839 0.279580 0.427526 0.281372 0.427839 0.283472 0.425651 0.282212 0.422839
0 0.395808 0.451172 0.396956 0.454089 0.400120 0.455130 0.402332 0.454609 0.401156 0.452005 0.398216 0.449401
0 0.427168 0.445234 0.427364 0.447214 0.428848 0.447839 0.430332 0.447526 0.430528 0.445651 0.429072 0.445130
0 0.534240 0.478941 0.538020 0.483142 0.540008 0.483290 0.541660 0.480139 0.542108 0.477439 0.539532 0.476545 0.536648 0.476840
0 0.524692 0.480503 0.525560 0.482587 0.527072 0.482760 0.528108 0.481024 0.526624 0.479983
0 0.630056 0.443464 0.631988 0.445373 0.634284 0.445200 0.634788 0.443984 0.633836 0.441901 0.632604 0.439818 0.629524 0.441641
0 0.643300 0.482352 0.646128 0.484002 0.647416 0.482960 0.646828 0.480443 0.645764 0.479488 0.643664 0.479835 0.643216 0.480616
0 0.732256 0.474375 0.733572 0.476024 0.736092 0.476024 0.738136 0.474635 0.738220 0.472292 0.736540 0.470729 0.734272 0.470642 0.732704 0.472292
1 0.777504 0.467578 0.780304 0.468099 0.782040 0.468186 0.783888 0.466363 0.781620 0.466363 0.778708 0.466276 0.775824 0.465842
0 0.982604 0.417023 0.984732 0.419019 0.986384 0.418524 0.986020 0.415773 0.984480 0.414896
0 0.160132 0.466476 0.160580 0.469323 0.162988 0.470226 0.164668 0.470530 0.166348 0.468724 0.165732 0.465729 0.162092 0.465130
