0 0.114568 0.406458 0.116304 0.407674 0.116052 0.408889 0.117004 0.409236 0.118068 0.408976 0.118852 0.407413 0.118768 0.405938 0.116836 0.405156 0.115268 0.405156
0 0.214108 0.469306 0.214192 0.471736 0.216656 0.472517 0.219204 0.471997 0.220352 0.470087 0.220352 0.467396 0.218672 0.466615 0.215508 0.467483
0 0.214892 0.447778 0.214192 0.449253 0.215704 0.450382 0.217356 0.450729 0.218672 0.449167 0.217440 0.446997
0 0.208760 0.406033 0.207724 0.409332 0.209376 0.412283 0.211308 0.412196 0.213044 0.410460 0.213492 0.408377 0.212960 0.406901
0 0.312892 0.400599 0.311688 0.402943 0.313340 0.404158 0.315440 0.404332 0.316504 0.403637 0.316952 0.401988 0.315804 0.400339
0 0.554196 0.447882 0.555456 0.449236 0.558592 0.449861 0.560188 0.446528 0.558704 0.443194 0.555036 0.445278
0 0.857464 0.430095 0.858696 0.431311 0.861580 0.431571 0.863596 0.430095 0.863344 0.428012 0.860796 0.427231 0.859032 0.427752
0 0.894284 0.432413 0.894872 0.434063 0.896916 0.434323 0.897000 0.432326 0.895320 0.431458
0 0.726172 0.475807 0.726928 0.478516 0.728804 0.478828 0.730708 0.478516 0.731128 0.476016 0.727880 0.474349
0 0.688316 0.465608 0.689380 0.467431 0.691396 0.467257 0.690864 0.465174
0 0.845088 0.481207 0.845872 0.483550 0.847804 0.482682 0.848588 0.480339 0.847020 0.480686
