0 0.038484 0.571910 0.038988 0.573576 0.039828 0.574618 0.042376 0.573993 0.042656 0.571806 0.040696 0.571076
0 0.088044 0.558056 0.088660 0.560556 0.090760 0.561389 0.092664 0.560035 0.091712 0.557431 0.089836 0.556701
0 0.129932 0.544340 0.129932 0.547344 0.132200 0.547491 0.134020 0.544644 0.131752 0.543290
0 0.082164 0.526641 0.082472 0.528889 0.085048 0.529340 0.085496 0.527240 0.084012 0.525443
0 0.210852 0.562431 0.212112 0.565104 0.214492 0.564080 0.214044 0.561979
0 0.268924 0.602144 0.268420 0.605399 0.270548 0.607769 0.271836 0.605651 0.271332 0.603394
0 0.284324 0.593247 0.283540 0.597396 0.287208 0.597648 0.288524 0.594540
0 0.321004 0.564470 0.321256 0.568620 0.326240 0.569913 0.329124 0.566806 0.327556 0.562656 0.324392 0.561363
0 0.340800 0.554783 0.340380 0.556936 0.342340 0.557804 0.344300 0.557370 0.344076 0.554566
0 0.829372 0.581970 0.832424 0.584349 0.835476 0.582622 0.834832 0.579384 0.831556 0.578516
0 0.653112 0.528472 0.652860 0.530807 0.654680 0.531580 0.657312 0.531580 0.658096 0.528733 0.655744 0.527431
