0 0.024252 0.437613 0.026716 0.439427 0.029600 0.440043 0.032820 0.439236 0.034248 0.437005 0.034612 0.433273 0.031084 0.431267 0.028648 0.430833 0.025120 0.432405 0.024616 0.435009
0 0.084060 0.427995 0.083444 0.428950 0.084312 0.429905 0.085824 0.430946 0.088008 0.431467 0.088960 0.430773 0.088960 0.429644 0.087140 0.427995
0 0.077872 0.448776 0.077732 0.450894 0.080028 0.451901 0.083304 0.451901 0.083808 0.449896 0.081792 0.448273
0 0.163132 0.433646 0.165288 0.438898 0.167948 0.439774 0.170468 0.438646 0.170468 0.434149 0.167948 0.430894
0 0.218852 0.439158 0.218068 0.441415 0.218320 0.442109 0.220000 0.442977 0.223752 0.441936 0.223052 0.439505
0 0.259900 0.411207 0.259648 0.414939 0.261384 0.416415 0.263232 0.415286 0.264128 0.413377 0.263064 0.411293
0 0.294116 0.417630 0.293948 0.419366 0.295600 0.419887 0.296916 0.419800 0.297448 0.418585 0.296664 0.417196
0 0.282860 0.444201 0.287060 0.445972 0.289804 0.445972 0.289272 0.444410 0.286752 0.442951 0.284120 0.442639
0 0.435040 0.435859 0.435992 0.438776 0.437588 0.439089 0.439380 0.438359 0.439688 0.436797 0.437476 0.434922
0 0.407040 0.435929 0.407992 0.437144 0.410092 0.436970 0.410204 0.435321 0.408188 0.434887
0 0.446548 0.388811 0.447808 0.392057 0.450188 0.391814 0.449824 0.388932 0.447808 0.387326
7 0.048696 0.265477 0.048696 0.181181 0.374000 0.178698 0.374308 0.264852
