0 0.279372 0.454627 0.280128 0.458672 0.283768 0.458524 0.286036 0.454922 0.282872 0.452378
0 0.442304 0.414557 0.443956 0.416684 0.442416 0.418064 0.442556 0.420434 0.444460 0.420434 0.446224 0.416814 0.445832 0.415564
0 0.738768 0.500946 0.741176 0.503194 0.742240 0.502899 0.743444 0.500799 0.741792 0.498698 0.739664 0.499149
0 0.817812 0.462509 0.818764 0.464800 0.821704 0.464280 0.822236 0.461780 0.820220 0.461675 0.819268 0.461780
0 0.888288 0.444931 0.889184 0.447613 0.891200 0.448568 0.893048 0.447439 0.892768 0.445877 0.891536 0.445182 0.889352 0.444497
0 0.839736 0.496102 0.837216 0.500373 0.840268 0.502352 0.842060 0.500894 0.843740 0.497769 0.842704 0.496311
0 0.921776 0.498247 0.921944 0.500330 0.923876 0.500590 0.925976 0.499115 0.924856 0.497118 0.923344 0.496771
0 0.978224 0.425720 0.978728 0.429974 0.980996 0.430347 0.981248 0.427595 0.981248 0.426094
0 0.754504 0.451450 0.757696 0.452943 0.759208 0.449045 0.757556 0.447543 0.754056 0.447847
0 0.545148 0.444878 0.548312 0.444253 0.549152 0.442899 0.548956 0.442378 0.547136 0.441545 0.545260 0.441545 0.544616 0.443628
