0 0.696736 0.485286 0.696008 0.489792 0.697632 0.490686 0.700908 0.489609 0.702364 0.485113 0.700012 0.483672
0 0.652356 0.477908 0.653252 0.481328 0.655072 0.483672 0.657620 0.484931 0.662884 0.487630 0.667812 0.487630 0.667812 0.485113 0.666524 0.481146 0.664704 0.478628 0.661792 0.477552 0.656724 0.476649
0 0.116520 0.456059 0.118872 0.458038 0.122512 0.458038 0.121784 0.456233 0.118340 0.455521
0 0.040892 0.452813 0.042124 0.453264 0.043020 0.453108 0.043776 0.451458 0.042124 0.449809 0.040892 0.451163
0 0.311988 0.470981 0.313444 0.472595 0.315628 0.472422 0.315964 0.470616 0.313780 0.469722
0 0.312884 0.464323 0.314172 0.465755 0.315432 0.465217 0.315264 0.463602 0.313780 0.462882
1 0.670696 0.469609 0.671900 0.471858 0.673552 0.472161 0.674476 0.470365 0.672656 0.468559
1 0.653700 0.470964 0.654932 0.471562 0.656416 0.472161 0.658096 0.470365 0.655828 0.469462 0.653252 0.469158
1 0.654372 0.495964 0.655492 0.497214 0.657144 0.497457 0.658656 0.495582 0.657144 0.494462 0.655884 0.494210
1 0.680076 0.479019 0.679572 0.482023 0.683100 0.485773 0.685760 0.486146 0.688140 0.484401 0.687776 0.482144 0.685256 0.479149 0.682596 0.478524
1 0.744252 0.493472 0.744252 0.496024 0.745932 0.496623 0.747276 0.496328 0.748340 0.495278 0.748060 0.493030 0.746072 0.492422
1 0.762200 0.507726 0.762452 0.509974 0.764244 0.510599 0.764860 0.509722 0.765000 0.508724 0.763852 0.507344
1 0.809632 0.500061 0.811396 0.501189 0.812432 0.500434 0.812432 0.498811 0.810276 0.498351
0 0.985584 0.510174 0.986032 0.511519 0.987992 0.511675 0.988748 0.509722 0.987544 0.508524 0.986480 0.508524
0 0.993592 0.504323 0.993144 0.506120 0.994068 0.507474 0.995132 0.507023 0.996196 0.506424 0.995720 0.505069 0.995132 0.504323
7 0.380588 0.323819 0.382744 0.234601 0.714628 0.244818 0.713536 0.331345
