0 0.442348 0.484705 0.443216 0.486649 0.446072 0.487734 0.448032 0.486866 0.448256 0.483845 0.446716 0.482552 0.444756 0.482552
0 0.144148 0.507648 0.147060 0.509809 0.150336 0.509444 0.151428 0.507101 0.150700 0.504766 0.147592 0.504766 0.145800 0.505304
0 0.120684 0.495946 0.121776 0.498108 0.124688 0.498281 0.124688 0.496302 0.123064 0.494688
0 0.129784 0.491806 0.131772 0.493247 0.132696 0.492344 0.131604 0.490009
0 0.201492 0.499757 0.201940 0.501111 0.204516 0.499757 0.205272 0.498264 0.204656 0.497812 0.203004 0.497812
10 0.468388 0.490521 0.467268 0.503585 0.466120 0.512170 0.473288 0.520009 0.483872 0.520755 0.490648 0.515156 0.497816 0.505825 0.498180 0.494253 0.492524 0.491267 0.476704 0.486415
0 0.221484 0.472726 0.225460 0.474887 0.226020 0.472726 0.223276 0.472005 0.221848 0.470929
0 0.516576 0.488385 0.518032 0.489826 0.520580 0.490009 0.521840 0.488741 0.521140 0.486762 0.518956 0.486589
0 0.632692 0.491736 0.634876 0.493168 0.635604 0.491554 0.635044 0.490469 0.633252 0.490469
0 0.752952 0.490069 0.754464 0.491319 0.755220 0.489948 0.754212 0.488194 0.752812 0.488819
0 0.666768 0.482995 0.667916 0.481988 0.668168 0.480616 0.667160 0.478993 0.666516 0.478993 0.663632 0.479366 0.663856 0.481120 0.663856 0.482743
