0 0.944588 0.604366 0.944812 0.606970 0.946912 0.607179 0.948284 0.606762 0.948088 0.604470 0.946184 0.603741
0 0.969452 0.621858 0.970180 0.624201 0.972000 0.624201 0.973316 0.622639 0.972896 0.621424 0.970880 0.621337
0 0.951840 0.611354 0.950944 0.613611 0.952456 0.615087 0.954192 0.614740 0.954892 0.612222 0.953940 0.610920
0 0.941172 0.623585 0.946324 0.623003 0.947332 0.618828 0.946884 0.616111 0.943216 0.615885 0.940472 0.616111 0.938652 0.619965
0 0.940388 0.654071 0.938512 0.656771 0.938232 0.661806 0.945624 0.661719 0.946856 0.656944 0.942040 0.653984
0 0.673688 0.477109 0.675536 0.475720 0.676068 0.473550 0.674752 0.472943 0.671868 0.473724 0.670552 0.475373 0.670972 0.477457
0 0.940220 0.629036 0.940136 0.631727 0.944616 0.633203 0.945932 0.631727 0.945148 0.629384 0.943048 0.628342
0 0.981352 0.625894 0.980512 0.627977 0.982192 0.629227 0.983452 0.629227 0.983872 0.627352 0.983368 0.626102
0 0.959680 0.633932 0.959876 0.636450 0.961528 0.636797 0.962312 0.634714 0.961108 0.633325
0 0.962508 0.631675 0.963376 0.633672 0.965392 0.634019 0.965756 0.632457 0.964608 0.630981
0 0.932744 0.653290 0.933192 0.654505 0.934956 0.655026 0.935460 0.652856 0.933724 0.652075
0 0.943104 0.648689 0.943720 0.650165 0.945568 0.650512 0.946604 0.650252 0.946352 0.649036 0.945204 0.648168
0 0.937392 0.647561 0.938092 0.649384 0.939688 0.649470 0.940640 0.648342 0.939156 0.646780
0 0.948284 0.621762 0.947416 0.623116 0.949236 0.624262 0.950692 0.623524 0.950300 0.621866
