0 0.880712 0.519748 0.882924 0.521727 0.884688 0.522561 0.886900 0.522873 0.887544 0.521519 0.885864 0.519123 0.883008 0.519123
0 0.820932 0.531519 0.823200 0.533767 0.825972 0.534766 0.827484 0.533767 0.827232 0.529766 0.825860 0.528142 0.823956 0.528264 0.821548 0.529141
0 0.387996 0.544253 0.387856 0.545469 0.389060 0.546076 0.390908 0.546597 0.391244 0.545556 0.389508 0.544340
0 0.380884 0.548845 0.382144 0.550304 0.384132 0.549783 0.383628 0.548429 0.382032 0.548116
0 0.386988 0.538741 0.388024 0.540720 0.389088 0.540408 0.389816 0.539991 0.389396 0.537908 0.387520 0.537283
0 0.349272 0.551615 0.349076 0.553872 0.350924 0.554479 0.351540 0.553698 0.351540 0.552483
1 0.332584 0.555156 0.334516 0.557760 0.337400 0.556372 0.338548 0.557326 0.339696 0.557847 0.340900 0.557587 0.341516 0.556198 0.339948 0.555330 0.338100 0.554722 0.335132 0.554896
0 0.325864 0.568359 0.326032 0.570877 0.327712 0.571181 0.329224 0.569878 0.328580 0.568177
1 0.324660 0.562778 0.325920 0.560894 0.324324 0.559479 0.322280 0.558533 0.320376 0.559314 0.319564 0.560894 0.319564 0.563090 0.320852 0.563724
0 0.761824 0.499505 0.762776 0.496519 0.760396 0.495260 0.758492 0.496519 0.757848 0.499349 0.759136 0.500920
