1 0.865688 0.534757 0.866220 0.532986 0.867900 0.532882 0.866948 0.530590 0.865156 0.530382 0.862636 0.531528 0.860732 0.532986 0.858940 0.535799 0.862524 0.538715 0.864624 0.538194 0.866220 0.536111
1 0.880220 0.534653 0.878428 0.537049 0.880528 0.538611 0.884952 0.538924 0.886744 0.537153 0.886100 0.534653 0.882628 0.534236
1 0.872100 0.545382 0.872856 0.542257 0.873052 0.538507 0.869272 0.536736 0.868628 0.539236 0.869468 0.540486 0.869776 0.542569 0.869272 0.544653
1 0.861796 0.523611 0.865268 0.526007 0.867788 0.525799 0.867144 0.523611 0.866836 0.523403 0.865464 0.521840 0.861572 0.521111
1 0.871792 0.525903 0.872100 0.528403 0.875040 0.528819 0.876328 0.526840 0.874200 0.525069
1 0.855580 0.537465 0.855888 0.540174 0.858100 0.540694 0.860004 0.539444 0.857904 0.537569
1 0.854208 0.531319 0.854936 0.533611 0.856644 0.533507 0.857568 0.531424 0.857148 0.529549 0.856112 0.529444
1 0.872744 0.531840 0.871792 0.535486 0.874536 0.536319 0.876328 0.535382 0.876104 0.532569
6 0.425612 0.382873 0.424044 0.311024 0.642500 0.308542 0.643452 0.380703
1 0.857932 0.549818 0.860340 0.547318 0.859500 0.545547 0.856448 0.544505 0.854544 0.546172 0.853088 0.547943 0.853284 0.550339 0.854236 0.550964 0.855188 0.550964
