1 0.065692 0.500781 0.069780 0.501528 0.074344 0.501832 0.077200 0.501832 0.077060 0.499280 0.075240 0.497925 0.072524 0.499280 0.071292 0.499280 0.069640 0.498377 0.066756 0.498681
1 0.091312 0.492326 0.094980 0.492847 0.097080 0.491554 0.096296 0.490773 0.091592 0.490512
1 0.099432 0.487665 0.101280 0.490512 0.103100 0.489219 0.102568 0.486884
1 0.184048 0.558021 0.188668 0.560182 0.191916 0.561259 0.193036 0.557804 0.188416 0.554566
1 0.201100 0.562561 0.202192 0.564497 0.206336 0.564714 0.205692 0.561910 0.203508 0.561910
1 0.264688 0.501007 0.265724 0.503837 0.269140 0.503082 0.269140 0.500469 0.267040 0.499427
1 0.237416 0.513038 0.238732 0.516406 0.241868 0.516927 0.242120 0.514332 0.240552 0.512257
1 0.293080 0.567969 0.298232 0.567882 0.305288 0.568116 0.306016 0.564878 0.299856 0.564878 0.293472 0.565052
1 0.326372 0.565799 0.327968 0.567361 0.331132 0.568611 0.334268 0.568611 0.336396 0.567257 0.337124 0.565590 0.337124 0.563715 0.334688 0.565799 0.331748 0.566840 0.328920 0.565799
1 0.269616 0.565625 0.271884 0.565799 0.274880 0.565885 0.275832 0.564931 0.273116 0.564062 0.270400 0.564062
1 0.387188 0.568299 0.388952 0.568299 0.389596 0.566528 0.388756 0.565486 0.387916 0.566007 0.386852 0.566840
1 0.385452 0.548889 0.386740 0.551050 0.389820 0.551050 0.390548 0.548889 0.388000 0.548351
2 0.642688 0.574028 0.650024 0.577135 0.661560 0.574028 0.665760 0.575842 0.669932 0.578950 0.671780 0.579731 0.676232 0.581545 0.686172 0.581024 0.692472 0.583620 0.695076 0.587769 0.702944 0.587509 0.701376 0.583620 0.702944 0.581806 0.703728 0.577917 0.693508 0.576363 0.686452 0.574809 0.680152 0.572986 0.669680 0.570920 0.659460 0.570920 0.648736 0.571432 0.644788 0.570920
0 0.752308 0.539991 0.754156 0.542847 0.757824 0.542587 0.758356 0.540773 0.755976 0.538438
0 0.793440 0.535069 0.795540 0.537144 0.798144 0.537144 0.798676 0.534288 0.796856 0.532734 0.795260 0.533255
0 0.849132 0.473238 0.850224 0.476267 0.851092 0.477561 0.852856 0.478429 0.855460 0.478429 0.854592 0.475616 0.853724 0.472595 0.851092 0.470434
