0 0.235676 0.433498 0.233912 0.434540 0.235312 0.436102 0.237944 0.436189 0.239344 0.436016 0.239092 0.434019
0 0.176064 0.428168 0.178780 0.428168 0.181076 0.427300 0.180460 0.425998 0.178976 0.426085 0.176064 0.426693
0 0.171780 0.445009 0.171780 0.447179 0.173712 0.447439 0.175532 0.446311 0.174664 0.444575 0.173096 0.444401
0 0.134764 0.443021 0.134988 0.445269 0.138796 0.448394 0.145012 0.448264 0.146412 0.444618 0.142072 0.442274 0.143332 0.445521 0.138656 0.445148
0 0.267008 0.433915 0.267316 0.437040 0.268800 0.438707 0.270676 0.437873 0.271208 0.436832 0.270256 0.433394 0.269108 0.432977
0 0.202356 0.434748 0.202692 0.438082 0.206360 0.437665 0.208152 0.435373 0.206892 0.433186
0 0.247408 0.493906 0.247408 0.496823 0.251188 0.497865 0.252644 0.497760 0.253288 0.494219 0.250656 0.495365
0 0.186340 0.486302 0.185500 0.488281 0.185612 0.489323 0.187068 0.489948 0.190344 0.489948 0.190652 0.487448 0.189084 0.486198
0 0.099512 0.492847 0.099512 0.494201 0.100772 0.494931 0.101500 0.494722 0.102648 0.493472 0.100352 0.491285
0 0.094444 0.483264 0.094444 0.486285 0.095508 0.487014 0.098140 0.486389 0.098336 0.483889 0.096236 0.482014
0 0.100100 0.444792 0.103516 0.446528 0.104916 0.445920 0.105168 0.444618 0.103208 0.443134 0.101304 0.442708
0 0.150948 0.506649 0.152348 0.508273 0.152740 0.508646 0.155008 0.508273 0.155260 0.506519 0.153216 0.505651
0 0.217476 0.497509 0.219268 0.498759 0.221704 0.499696 0.222208 0.498030 0.219996 0.496259 0.218540 0.496259
0 0.195328 0.441753 0.195328 0.445503 0.198352 0.447153 0.203672 0.447457 0.203672 0.445356 0.201096 0.443108 0.198072 0.441753
0 0.368340 0.429132 0.368900 0.431484 0.372708 0.432370 0.374892 0.430946 0.374528 0.428411 0.371616 0.428411
