0 0.913040 0.542109 0.912144 0.544184 0.913264 0.545391 0.915588 0.544410 0.915476 0.542005
0 0.845504 0.598437 0.846624 0.600009 0.849172 0.600477 0.850124 0.599540 0.850460 0.597179 0.850292 0.595608 0.847744 0.596076 0.846484 0.597023
0 0.841220 0.612899 0.842648 0.612431 0.842816 0.610703 0.842508 0.608976 0.843460 0.609132 0.844720 0.609757 0.845504 0.611016 0.844888 0.612743 0.842648 0.614314
0 0.871740 0.609444 0.875856 0.606771 0.877928 0.604722 0.881260 0.606137 0.879832 0.609132 0.877452 0.610859 0.876024 0.613056 0.876976 0.614792 0.879356 0.613845 0.879832 0.611641 0.883164 0.609757 0.885236 0.610547 0.887784 0.610703 0.888736 0.608342 0.886832 0.604887 0.886524 0.602682 0.885572 0.598281 0.882856 0.596554 0.880000 0.596710 0.875856 0.595920 0.873476 0.594974 0.870312 0.593880 0.868240 0.597179 0.869024 0.599696 0.870620 0.600955 0.871264 0.602214 0.870004 0.603307 0.868100 0.606927 0.867456 0.610391 0.871432 0.608498 0.872692 0.606927 0.874120 0.604887
0 0.912592 0.530278 0.918864 0.530278 0.921524 0.531016 0.919816 0.533472 0.915812 0.534410 0.912200 0.532899
0 0.864068 0.483030 0.858132 0.479436 0.854856 0.477161 0.855836 0.472266 0.861436 0.476502 0.864068 0.478464 0.868352 0.475200 0.873308 0.475200 0.872300 0.481719 0.872636 0.485634 0.874624 0.493464 0.870340 0.499653 0.862416 0.499653 0.862416 0.495747 0.862416 0.492153 0.858804 0.489870 0.852532 0.486936 0.850236 0.483351 0.855836 0.483681 0.862752 0.487595
0 0.890416 0.510087 0.893720 0.510087 0.901952 0.513672 0.908868 0.513672 0.911192 0.507153 0.904920 0.505521 0.901952 0.507153 0.901644 0.503898 0.904276 0.502917 0.907888 0.502266 0.909540 0.499002 0.907552 0.496068 0.904584 0.499332 0.901952 0.501285 0.901308 0.499002 0.898676 0.497049 0.896352 0.501615 0.895372 0.504870 0.890108 0.505200 0.888456 0.507153
0 0.912844 0.496719 0.916792 0.492483 0.918108 0.490851 0.919088 0.493785 0.915812 0.498351
0 0.913180 0.506832 0.917436 0.503238 0.921076 0.497370 0.924044 0.499653 0.922392 0.504870 0.915812 0.509766
0 0.891424 0.493785 0.895036 0.489549 0.897668 0.487266 0.899656 0.483030 0.896016 0.486285 0.891732 0.488568 0.889436 0.491502
0 0.896744 0.547786 0.897332 0.548542 0.899992 0.548733 0.901336 0.547977 0.901140 0.546094 0.899600 0.546094 0.898452 0.546094
0 0.895400 0.576111 0.898116 0.575009 0.900804 0.573281 0.900804 0.571545 0.899068 0.571545 0.897164 0.571545 0.894952 0.571389 0.893328 0.572483 0.893076 0.574826
0 0.870788 0.568715 0.873644 0.570764 0.875716 0.571545 0.876976 0.569818 0.876024 0.567622 0.873952 0.565573 0.871572 0.566832
0 0.887616 0.589158 0.890976 0.591675 0.893188 0.593090 0.895092 0.592465 0.895736 0.591050 0.894308 0.589792 0.891928 0.587743 0.887952 0.587274
