6 0.192232 0.379436 0.188116 0.310425 0.402008 0.299280 0.405844 0.367752
0 0.308516 0.581545 0.308992 0.584219 0.311232 0.583906 0.311540 0.582179 0.310280 0.581233
0 0.320696 0.576267 0.321872 0.577578 0.320556 0.579019 0.321340 0.581111 0.322684 0.580200 0.323076 0.577708 0.324140 0.575877 0.322264 0.575217
0 0.309608 0.568481 0.310896 0.569939 0.312996 0.569939 0.314760 0.569757 0.316580 0.569392 0.315404 0.567934 0.314480 0.568394 0.312464 0.568481
0 0.292332 0.578273 0.293200 0.578880 0.294684 0.578446 0.293984 0.577318 0.292500 0.574974
0 0.313780 0.575486 0.314732 0.576736 0.316300 0.577465 0.317252 0.576111 0.316216 0.574965
0 0.300928 0.574123 0.301012 0.574470 0.301460 0.574644 0.301964 0.575252 0.302412 0.574818 0.302944 0.573776 0.300396 0.567005
0 0.310784 0.578906 0.313164 0.578993 0.313416 0.577344 0.311848 0.576649 0.310168 0.576649 0.308768 0.576736 0.309048 0.577517
0 0.446444 0.566719 0.445100 0.568976 0.447984 0.569549 0.449496 0.569549 0.450840 0.568411 0.449888 0.566337
0 0.448740 0.549167 0.449888 0.551623 0.453696 0.550295 0.452548 0.548038 0.449496 0.547283
