7 0.417848 0.134332 0.737636 0.131042 0.738252 0.215451 0.417372 0.218368
0 0.479700 0.477830 0.480932 0.476615 0.480484 0.474965 0.479168 0.473316 0.477236 0.473229 0.476284 0.473663 0.477068 0.475399 0.477768 0.476615
0 0.784676 0.481667 0.785628 0.480417 0.784676 0.479271 0.783416 0.478958 0.782464 0.478958 0.781624 0.479583 0.781960 0.480833 0.782800 0.481667
0 0.730328 0.451016 0.729992 0.449106 0.728228 0.447891 0.727164 0.447370 0.724812 0.447630 0.724000 0.448151 0.724364 0.449627 0.724896 0.450929 0.726380 0.452231 0.728480 0.451884
0 0.817772 0.423741 0.818416 0.421866 0.817408 0.420113 0.815000 0.420495 0.814496 0.421988 0.815392 0.423490
0 0.773588 0.438368 0.774204 0.436745 0.772440 0.435365 0.771544 0.435365 0.770928 0.436241 0.770788 0.438238 0.771544 0.439245
0 0.362828 0.478411 0.362380 0.478064 0.360896 0.477370 0.360280 0.477109 0.359832 0.477283 0.359580 0.477804 0.359496 0.478585 0.360896 0.479193 0.361232 0.479193
0 0.572772 0.482769 0.572968 0.480894 0.572660 0.479123 0.571064 0.477561 0.569804 0.477457 0.568656 0.478602 0.568656 0.480477 0.569692 0.482665 0.570756 0.482769
0 0.568740 0.463351 0.570056 0.461875 0.569272 0.460660 0.567508 0.459444 0.565688 0.459878 0.564428 0.460920 0.565324 0.463351 0.566640 0.463785
0 0.547068 0.495755 0.548748 0.493351 0.547376 0.492448 0.546004 0.492300 0.544492 0.491849 0.543120 0.492604 0.542980 0.494253 0.543288 0.496953 0.544968 0.496953
