1 0.289024 0.554132 0.288296 0.555694 0.290004 0.557153 0.291348 0.556632 0.291348 0.554861 0.291040 0.553924
0 0.777428 0.520113 0.778800 0.521615 0.780760 0.521615 0.780900 0.520417 0.780900 0.518759 0.779864 0.518759 0.778352 0.519210
0 0.929748 0.561146 0.930000 0.559410 0.928684 0.558542 0.927564 0.558281 0.926248 0.559410 0.927368 0.560972 0.927900 0.561319
0 0.999888 0.568698 0.999104 0.568611 0.997872 0.569392 0.997536 0.570347 0.997340 0.571736 0.997788 0.573038 0.998404 0.573125 0.999188 0.573299 0.999552 0.572604 0.999636 0.570868 0.999636 0.570347 0.999636 0.569132
0 0.994288 0.570312 0.995604 0.569010 0.995884 0.567535 0.994736 0.567014 0.993336 0.566840 0.992272 0.567882 0.992104 0.569358
0 0.831748 0.576719 0.832728 0.574635 0.832364 0.573681 0.830796 0.573767 0.830012 0.574375 0.829816 0.575417 0.830348 0.576458
0 0.693680 0.543906 0.694912 0.542517 0.694464 0.541389 0.693512 0.540521 0.692112 0.540521 0.691748 0.541215 0.691748 0.542778 0.692112 0.543559
0 0.818672 0.564714 0.819204 0.563151 0.818756 0.561849 0.817636 0.561328 0.816992 0.561241 0.815956 0.562891 0.815760 0.564280 0.816376 0.565061 0.817636 0.565234
0 0.825392 0.585304 0.826456 0.584549 0.826120 0.583498 0.825224 0.583351 0.824160 0.583351 0.822648 0.584106 0.822816 0.584852
0 0.796720 0.591302 0.798232 0.587856 0.799156 0.585451 0.798848 0.583950 0.797336 0.582899 0.794620 0.583056 0.792772 0.584705 0.790672 0.586502 0.790364 0.587700 0.790224 0.589800 0.790672 0.590998 0.792324 0.592500 0.794144 0.592352
0 0.818952 0.545877 0.822088 0.546814 0.823684 0.546293 0.823992 0.544314 0.823264 0.542023 0.820940 0.540668 0.819456 0.539731 0.817468 0.540148 0.816208 0.541085 0.816096 0.543273 0.816320 0.544210
0 0.883856 0.547691 0.885424 0.544271 0.885732 0.541163 0.882904 0.539913 0.879152 0.540226 0.878508 0.541780 0.878508 0.543646 0.879152 0.544896 0.880412 0.546137
0 0.144852 0.554149 0.146504 0.552656 0.147008 0.551033 0.143984 0.550408 0.142444 0.550408 0.141688 0.551780 0.141968 0.553281 0.142080 0.553776
