0 0.879936 0.528116 0.882288 0.527222 0.882848 0.525599 0.881560 0.524158 0.879376 0.523976 0.878116 0.526319 0.878648 0.527760
0 0.868288 0.521458 0.871004 0.519661 0.871396 0.518403 0.869744 0.516962 0.867028 0.517318 0.865572 0.519835
0 0.855380 0.512821 0.858096 0.512821 0.859020 0.511198 0.857368 0.509939 0.855548 0.509939 0.854092 0.511736
0 0.874112 0.556215 0.877024 0.556936 0.880832 0.555859 0.881224 0.553160 0.878480 0.551181 0.875372 0.550998 0.874112 0.551354 0.873020 0.554236
0 0.869800 0.546701 0.873048 0.546832 0.874812 0.544705 0.874084 0.542578 0.871536 0.541580 0.869128 0.543203 0.868904 0.544705
0 0.875596 0.540330 0.876464 0.541450 0.877612 0.542326 0.879880 0.541701 0.879880 0.540330 0.879012 0.539201 0.876856 0.539201
0 0.872964 0.509818 0.875512 0.509991 0.876632 0.508950 0.876128 0.507561 0.874196 0.506345 0.872432 0.506780 0.872264 0.507908
0 0.873132 0.565825 0.873832 0.567127 0.875512 0.567734 0.877584 0.567387 0.879348 0.566172 0.879180 0.564523 0.877780 0.563307 0.876128 0.563134 0.874196 0.564262
0 0.882260 0.515738 0.883856 0.514002 0.883324 0.513134 0.882008 0.512526 0.880244 0.512613 0.879376 0.514089 0.880160 0.515825
0 0.860168 0.557187 0.864312 0.557187 0.866328 0.557274 0.867532 0.557274 0.869128 0.556493 0.869212 0.555278 0.866132 0.554757 0.863080 0.554323 0.861316 0.554063 0.859384 0.556233
