0 0.087396 0.495833 0.088012 0.496875 0.089496 0.496962 0.090728 0.496094 0.090728 0.494878 0.089048 0.493837 0.087648 0.493837
0 0.135612 0.515165 0.139000 0.513420 0.140288 0.513168 0.141016 0.511918 0.139644 0.510043 0.137516 0.509670 0.135472 0.510668 0.134856 0.512917
0 0.175176 0.518507 0.176632 0.519766 0.179348 0.520130 0.180076 0.519045 0.179712 0.516528 0.176996 0.516345
0 0.155884 0.553967 0.158432 0.555226 0.160084 0.555408 0.161512 0.555408 0.162800 0.553064 0.161512 0.552170 0.159888 0.551085 0.157508 0.551085
0 0.170612 0.552708 0.170976 0.553429 0.172432 0.553967 0.173524 0.552708 0.173888 0.551267 0.172796 0.550365 0.171340 0.551085
0 0.603268 0.559948 0.605396 0.559774 0.606180 0.558385 0.606096 0.556389 0.605116 0.555000 0.603996 0.554306 0.602148 0.554479 0.601168 0.555434 0.601252 0.557170 0.601952 0.558819
0 0.862352 0.564436 0.864872 0.564644 0.866132 0.565061 0.867392 0.565061 0.868988 0.563186 0.868680 0.561832 0.867196 0.561207 0.865404 0.560998 0.864256 0.561311 0.862240 0.561623 0.862044 0.562352
0 0.820408 0.561580 0.821892 0.560955 0.823040 0.559497 0.822200 0.558559 0.820744 0.557726 0.819372 0.557934 0.818952 0.559705 0.819372 0.560747
0 0.614972 0.560964 0.616988 0.559488 0.617436 0.557318 0.616372 0.556536 0.614440 0.557231 0.613740 0.558707
0 0.632864 0.560009 0.635496 0.560443 0.637792 0.559922 0.638128 0.558793 0.636980 0.557665 0.634628 0.557578 0.633396 0.558012
0 0.895532 0.553568 0.897464 0.553220 0.898164 0.552179 0.898360 0.550790 0.896512 0.550182 0.894832 0.550269 0.894412 0.550790 0.894216 0.552613
