0 0.513912 0.537604 0.515116 0.539705 0.517384 0.539705 0.517832 0.537153 0.516320 0.536406
0 0.289464 0.582457 0.291592 0.585156 0.294616 0.585451 0.294028 0.584106 0.291732 0.582752
0 0.274316 0.589349 0.271880 0.590851 0.272496 0.592804 0.275996 0.591753 0.276892 0.588455
0 0.260960 0.594905 0.261128 0.597457 0.263844 0.597153 0.265216 0.596102 0.264768 0.594149 0.262500 0.592951
0 0.806428 0.590677 0.808864 0.589983 0.810012 0.587552 0.809480 0.586250 0.805728 0.585382 0.804664 0.586076 0.803432 0.588333
0 0.949620 0.566207 0.951384 0.567326 0.952532 0.566953 0.952280 0.565200 0.950376 0.563707 0.949004 0.563203 0.948360 0.563828
0 0.947492 0.573325 0.950264 0.575078 0.951916 0.573950 0.952392 0.571580 0.952784 0.569575 0.951132 0.569201 0.948360 0.569826 0.947352 0.570825
0 0.842996 0.574219 0.844480 0.576476 0.848064 0.578299 0.849996 0.578819 0.852460 0.578038 0.852628 0.577170 0.851144 0.575955 0.848960 0.575000 0.847644 0.573958 0.845880 0.572917 0.843332 0.571962 0.842268 0.572309
0 0.836920 0.565981 0.837732 0.567543 0.839300 0.567457 0.839916 0.566155 0.840000 0.564939 0.838320 0.564245 0.836920 0.564332
0 0.932820 0.554852 0.935536 0.554505 0.936936 0.553116 0.937300 0.552248 0.937132 0.551641 0.936768 0.551467 0.934220 0.552335 0.932988 0.552335 0.931952 0.552161 0.930804 0.553377
0 0.935984 0.571580 0.936264 0.574123 0.937188 0.575773 0.939008 0.575174 0.939764 0.573377 0.938840 0.571580 0.936740 0.570981
0 0.985152 0.583750 0.984200 0.584583 0.984312 0.586146 0.987056 0.587500 0.989380 0.587083 0.990220 0.585938 0.989996 0.583438 0.988848 0.582500
0 0.976080 0.586753 0.978348 0.585885 0.979496 0.584323 0.978348 0.583194 0.976864 0.582587 0.974316 0.583976 0.973896 0.585451
0 0.943740 0.552552 0.943096 0.554054 0.944608 0.555052 0.945868 0.554931 0.947772 0.553177 0.947772 0.552057 0.946624 0.551302
0 0.919352 0.545425 0.921872 0.546302 0.924140 0.545677 0.925036 0.544557 0.925400 0.543307 0.923272 0.542300 0.920360 0.542552
0 0.889588 0.588099 0.890316 0.589358 0.891968 0.590434 0.894684 0.589714 0.894880 0.587734 0.893788 0.586476 0.891772 0.586293
0 0.929432 0.583776 0.931252 0.584497 0.933800 0.583958 0.934696 0.582153 0.933968 0.580356 0.931616 0.580174 0.929432 0.581259
0 0.919968 0.600694 0.921256 0.601771 0.922320 0.602318 0.923608 0.600512 0.923048 0.598351 0.920864 0.597639 0.919408 0.599436
0 0.815500 0.572656 0.818244 0.572656 0.819448 0.571311 0.818664 0.568906 0.816704 0.568455 0.815192 0.569358
0 0.461076 0.564731 0.463372 0.562726 0.463120 0.561727 0.461608 0.561102 0.459956 0.561476 0.459060 0.562977
0 0.321888 0.557465 0.323148 0.557465 0.324548 0.556840 0.325416 0.555720 0.325052 0.554340 0.324296 0.553715 0.322280 0.553464 0.320628 0.553594 0.320124 0.555339
0 0.876176 0.571250 0.878920 0.572865 0.882560 0.572865 0.882560 0.570885 0.880376 0.569809 0.877996 0.568906 0.876372 0.569089
0 0.896140 0.572726 0.895944 0.573802 0.897960 0.574887 0.900312 0.575061 0.900872 0.573446 0.898520 0.572005
0 0.905184 0.570833 0.905100 0.569965 0.905884 0.568576 0.906668 0.568316 0.907368 0.568663 0.907732 0.570139 0.907284 0.571007 0.905800 0.572569
0 0.923272 0.572665 0.925204 0.573707 0.926856 0.574488 0.927304 0.573359 0.924672 0.572057
0 0.919128 0.566849 0.919660 0.569280 0.920808 0.569887 0.921592 0.569453 0.920892 0.567891 0.920360 0.566849
0 0.969920 0.546927 0.970928 0.548177 0.972692 0.547300 0.972944 0.545425 0.970564 0.545929
0 0.958944 0.550799 0.960316 0.553177 0.962472 0.553429 0.961968 0.551050 0.960316 0.550174
0 0.976360 0.555990 0.976164 0.557552 0.976612 0.558941 0.977480 0.559028 0.978376 0.558247 0.978628 0.557118 0.977928 0.555729
0 0.585676 0.611840 0.585788 0.613212 0.589092 0.613464 0.594776 0.615590 0.595896 0.615590 0.594888 0.613342 0.589596 0.611962
