0 0.159616 0.522882 0.160372 0.521875 0.160372 0.520382 0.159896 0.519757 0.158496 0.519505 0.157096 0.519627 0.156340 0.520130 0.156340 0.521128 0.157096 0.523125 0.158104 0.523255
0 0.376952 0.543012 0.378212 0.541137 0.378212 0.539887 0.376952 0.539392 0.374684 0.540017 0.373284 0.540894 0.372892 0.542387 0.374180 0.543516 0.375300 0.543516
0 0.258456 0.549896 0.261508 0.548437 0.261620 0.546875 0.261396 0.545833 0.259940 0.545313 0.257812 0.545729 0.256972 0.546042 0.256132 0.547188 0.256132 0.548646 0.256552 0.549583 0.256972 0.550312
0 0.885068 0.569653 0.886860 0.568090 0.887476 0.566319 0.884732 0.565382 0.883584 0.565590 0.882968 0.566319 0.882128 0.567674 0.881904 0.569236 0.882968 0.569757
0 0.935776 0.576042 0.935888 0.573750 0.935692 0.572187 0.934852 0.571042 0.934012 0.570312 0.932304 0.570625 0.931800 0.571979 0.931800 0.573958 0.931996 0.576250 0.934012 0.576875
0 0.789336 0.584175 0.788888 0.585738 0.789952 0.586693 0.790904 0.586780 0.791520 0.585130 0.790484 0.583220
0 0.508692 0.524661 0.509420 0.527188 0.511968 0.527188 0.513592 0.525382 0.512864 0.522682 0.510316 0.522682
0 0.434156 0.537943 0.433904 0.539592 0.436284 0.539766 0.437600 0.538898 0.437068 0.536380 0.435388 0.536380
0 0.081468 0.550217 0.079788 0.550217 0.079620 0.552387 0.081356 0.553255 0.083036 0.552127 0.083288 0.550391
0 0.060272 0.549045 0.060580 0.550799 0.062764 0.550104 0.063828 0.547760 0.061280 0.547847
0 0.041260 0.548715 0.043808 0.547092 0.044536 0.545113 0.042716 0.544392 0.040532 0.544392 0.039440 0.545833 0.039244 0.547630 0.039440 0.548533
