0 0.975764 0.579991 0.979208 0.580712 0.980664 0.579991 0.981028 0.577292 0.981392 0.575677 0.980860 0.573333 0.979404 0.572075 0.977220 0.571892 0.975204 0.572613 0.973944 0.574774 0.973384 0.577118
0 0.087660 0.574219 0.089676 0.573220 0.089816 0.571840 0.088668 0.570339 0.087660 0.569965 0.086148 0.570095 0.084636 0.571215 0.084496 0.573342 0.085252 0.573967
0 0.108576 0.566701 0.110340 0.564957 0.111348 0.562951 0.110844 0.562205 0.109836 0.562457 0.108716 0.564332 0.108072 0.565451 0.107064 0.566580
0 0.198624 0.543976 0.201872 0.543663 0.202404 0.542622 0.201452 0.541892 0.199772 0.541580 0.197980 0.542101 0.197252 0.543142
0 0.364412 0.573377 0.367688 0.572005 0.367688 0.570755 0.366680 0.569505 0.364412 0.569253 0.362144 0.569878 0.361136 0.571380 0.361892 0.572500
0 0.581552 0.590313 0.583988 0.588359 0.583988 0.586710 0.582756 0.584913 0.581552 0.584462 0.578976 0.585061 0.578220 0.587465 0.578220 0.589262
0 0.616412 0.593316 0.614592 0.592413 0.612464 0.593160 0.611260 0.595408 0.611260 0.596910 0.612016 0.598715 0.615208 0.599314 0.616860 0.598264 0.617644 0.597214 0.617336 0.595408
0 0.516564 0.597170 0.520960 0.596953 0.524236 0.596415 0.527512 0.595703 0.528240 0.594253 0.526420 0.593542 0.522948 0.593177 0.518944 0.593542 0.515864 0.594427 0.514576 0.595156
0 0.449924 0.596832 0.451324 0.594826 0.451688 0.593828 0.450288 0.592205 0.449028 0.592700 0.448020 0.593950 0.447908 0.595582 0.448412 0.596207
0 0.874544 0.571649 0.877484 0.569566 0.877680 0.568316 0.875496 0.566962 0.873592 0.567899 0.871996 0.569983 0.871380 0.571649 0.871576 0.572483 0.873172 0.572378
0 0.954064 0.548759 0.957872 0.550260 0.962268 0.552509 0.963612 0.554010 0.966496 0.554158 0.967868 0.551910 0.968176 0.549358 0.965152 0.547109 0.962268 0.545764 0.959692 0.545165 0.957256 0.545764
6 0.417276 0.290000 0.638868 0.294141 0.638084 0.365686 0.416772 0.362830
