0 0.939592 0.564766 0.942112 0.565017 0.944128 0.563516 0.943512 0.562769 0.940964 0.562517 0.938444 0.563394
0 0.927328 0.565764 0.930996 0.565894 0.933516 0.565017 0.933656 0.563767 0.933516 0.563516 0.932508 0.562769 0.929596 0.562517 0.927216 0.562639 0.925564 0.563516
0 0.952556 0.567292 0.954068 0.566415 0.955188 0.564670 0.954824 0.563420 0.953676 0.563038 0.951408 0.563420 0.950904 0.565668
0 0.188464 0.552813 0.190564 0.554167 0.192972 0.553958 0.192356 0.551458 0.191516 0.549792 0.189500 0.549479 0.188128 0.550729
1 0.793292 0.555043 0.796792 0.555043 0.799508 0.554262 0.801804 0.553481 0.804772 0.552439 0.805920 0.553915 0.807768 0.554696 0.808552 0.554609 0.810820 0.554523 0.811548 0.552700 0.807236 0.551224 0.793376 0.552960
1 0.831372 0.554115 0.834844 0.554323 0.833892 0.557656 0.837364 0.559115 0.837588 0.555469 0.843916 0.554635 0.845680 0.554844 0.850636 0.555052 0.853688 0.554740 0.856964 0.552656 0.856208 0.549323 0.851588 0.550260 0.841900 0.551823
0 0.697784 0.605990 0.699268 0.605365 0.699380 0.603802 0.698736 0.603073 0.697364 0.603490 0.696216 0.604531 0.696104 0.605781
0 0.630668 0.582734 0.633020 0.581111 0.633188 0.579670 0.631564 0.578229 0.629212 0.578229 0.627924 0.580391 0.628652 0.581832
0 0.750172 0.584566 0.753364 0.583220 0.753644 0.581719 0.752748 0.580069 0.750172 0.580217 0.748520 0.581267 0.747148 0.584418
0 0.890144 0.569444 0.891936 0.567943 0.891796 0.565191 0.887372 0.565191 0.885244 0.565564 0.884096 0.568316 0.884852 0.570443 0.887260 0.570191
0 0.770640 0.583976 0.773356 0.582717 0.774280 0.580191 0.773552 0.579115 0.771368 0.577856 0.769380 0.578212 0.768092 0.580556 0.768288 0.582535
0 0.796260 0.566623 0.798388 0.568273 0.801244 0.567526 0.802924 0.565573 0.802784 0.563177 0.801552 0.561675 0.798976 0.560773 0.794888 0.561528 0.793516 0.562726 0.793376 0.565130
0 0.610648 0.579141 0.613924 0.578637 0.613924 0.576892 0.612776 0.575139 0.611404 0.575017 0.609892 0.575894 0.609388 0.577639
0 0.361420 0.573915 0.364332 0.574271 0.365788 0.572474 0.365228 0.571389 0.364332 0.570668 0.361784 0.570851 0.360860 0.571389
0 0.097660 0.572326 0.099676 0.570200 0.100180 0.568576 0.099172 0.567830 0.097800 0.567830 0.095784 0.568950 0.095252 0.570451 0.094888 0.572205
