0 0.592684 0.524740 0.593608 0.528333 0.596492 0.528698 0.598312 0.526892 0.597780 0.524193 0.594672 0.523299
0 0.609960 0.524019 0.609428 0.525816 0.611780 0.527075 0.614496 0.527257 0.615056 0.524913 0.613040 0.522752
0 0.589604 0.537691 0.589604 0.539852 0.592320 0.540937 0.594672 0.539497 0.593776 0.537153 0.591424 0.536076
0 0.599964 0.510512 0.599768 0.513038 0.602148 0.513394 0.602876 0.510694 0.601420 0.508177
0 0.607608 0.514297 0.608336 0.518437 0.610156 0.518620 0.611976 0.518620 0.611976 0.515200 0.609792 0.513576
0 0.591228 0.513932 0.591760 0.516276 0.595400 0.517179 0.596492 0.515017 0.593776 0.513038
0 0.612844 0.553194 0.615112 0.550191 0.615504 0.547569 0.612844 0.546319 0.610296 0.546944 0.609540 0.550443 0.610184 0.553064
0 0.605648 0.537066 0.608028 0.533064 0.607300 0.531693 0.604752 0.531319 0.603128 0.533316 0.602736 0.536441
0 0.662936 0.534800 0.665372 0.536901 0.666884 0.538099 0.667780 0.536597 0.666716 0.533446 0.665652 0.532248 0.663832 0.532396
0 0.612004 0.541840 0.615616 0.539410 0.619284 0.537196 0.614440 0.536597 0.611108 0.537795 0.609568 0.539444 0.609736 0.540799
