6 0.368080 0.316328 0.588356 0.321771 0.587040 0.392274 0.367268 0.388906
0 0.449728 0.540069 0.452836 0.540434 0.454460 0.539531 0.454656 0.536649 0.453732 0.534670 0.452472 0.534488 0.450092 0.534314 0.448468 0.533767 0.446816 0.534670 0.446088 0.536649 0.446088 0.537908 0.447012 0.539531
0 0.341984 0.535599 0.341984 0.534653 0.341452 0.533351 0.340332 0.532561 0.339632 0.532222 0.339268 0.532127 0.338120 0.533090 0.337000 0.534470 0.337420 0.535425 0.338652 0.536389 0.339548 0.537257 0.340752 0.537335
0 0.317792 0.536207 0.320508 0.535260 0.320928 0.534470 0.320424 0.533785 0.318296 0.533602 0.315860 0.534653 0.315496 0.534991 0.314712 0.536389 0.316112 0.536727
0 0.302000 0.566250 0.302532 0.564427 0.302532 0.563212 0.302084 0.562344 0.301496 0.561997 0.300432 0.562257 0.299732 0.563472 0.299564 0.564167 0.299452 0.566250 0.299900 0.566597 0.300600 0.566684
0 0.336636 0.551085 0.337840 0.549783 0.338456 0.549175 0.338540 0.548394 0.337952 0.547613 0.336804 0.547352 0.334340 0.547700 0.332492 0.548134 0.331876 0.548481 0.332240 0.549523 0.333388 0.550304 0.334592 0.550825
0 0.354276 0.547448 0.357524 0.546667 0.359820 0.546059 0.361220 0.545104 0.361388 0.544236 0.360156 0.543628 0.358504 0.543194 0.354976 0.543455 0.353492 0.545017 0.352960 0.546493
0 0.348536 0.545382 0.349600 0.544158 0.349936 0.543212 0.349852 0.541910 0.348620 0.541910 0.346772 0.542604 0.345820 0.542856 0.345456 0.543646 0.345372 0.544679 0.345820 0.545382 0.346856 0.545642
0 0.390872 0.552917 0.392720 0.552483 0.393000 0.552135 0.393000 0.551267 0.392720 0.550920 0.390536 0.550833 0.389052 0.551094 0.388604 0.551701 0.389052 0.552483 0.389472 0.552569
0 0.056020 0.560660 0.057588 0.560243 0.058428 0.558889 0.058232 0.557639 0.056860 0.557118 0.054648 0.557639 0.053808 0.558056 0.053276 0.558889 0.053164 0.560139 0.054872 0.560764
0 0.121960 0.554531 0.124676 0.554531 0.125320 0.554427 0.126160 0.552865 0.126160 0.551094 0.126048 0.549115 0.124480 0.547552 0.122800 0.546927 0.121092 0.547969 0.120252 0.549948 0.120252 0.551406 0.120364 0.552344
0 0.104208 0.545582 0.109472 0.545165 0.109052 0.543290 0.107064 0.542457 0.105272 0.542561 0.104432 0.543290 0.103900 0.544019
0 0.099840 0.536458 0.101492 0.535330 0.102192 0.533160 0.101492 0.530642 0.099392 0.529601 0.097992 0.529688 0.096928 0.530208 0.095360 0.531684 0.094912 0.533507 0.095892 0.535503 0.097208 0.536458 0.097992 0.536458
0 0.918112 0.561458 0.919680 0.560104 0.920100 0.558438 0.918840 0.556458 0.918224 0.555729 0.917048 0.555417 0.915900 0.555729 0.914304 0.557292 0.913800 0.558333 0.913576 0.559688 0.914640 0.560938 0.915592 0.561562
0 0.958432 0.569115 0.959944 0.567370 0.960336 0.564618 0.958936 0.563620 0.956752 0.562760 0.954008 0.563620 0.953364 0.564488 0.952748 0.567118 0.953364 0.568238 0.954652 0.569115 0.956024 0.569618
0 0.932868 0.590842 0.934716 0.590495 0.935864 0.589714 0.935864 0.588759 0.934548 0.587977 0.932700 0.587717 0.931048 0.588498 0.930684 0.589714
0 0.918644 0.595312 0.922284 0.594314 0.923040 0.593941 0.924440 0.592569 0.923684 0.591944 0.922424 0.591319 0.920520 0.590694 0.919120 0.591441 0.918364 0.592318 0.917636 0.593568 0.917356 0.594193
0 0.970808 0.581050 0.973104 0.580217 0.974364 0.579705 0.974896 0.578238 0.974280 0.577101 0.971228 0.576372 0.969856 0.576467 0.969128 0.577300 0.968792 0.578872 0.969548 0.579905
0 0.944152 0.582179 0.945188 0.580929 0.945496 0.579887 0.945188 0.579470 0.943816 0.579262 0.942668 0.579887 0.942668 0.580512 0.943312 0.581033
0 0.840076 0.566927 0.841868 0.566510 0.842484 0.565469 0.842288 0.564010 0.841028 0.563281 0.839236 0.563281 0.838480 0.563802 0.838396 0.564844 0.838704 0.566198
0 0.925084 0.540911 0.927436 0.540477 0.927968 0.539523 0.927268 0.538134 0.926036 0.537526 0.922340 0.537700 0.921556 0.538394 0.921556 0.539523 0.922704 0.540911
0 0.884904 0.542049 0.887844 0.542882 0.890252 0.542153 0.891316 0.541215 0.889524 0.539965 0.888572 0.539132 0.887732 0.537674 0.885856 0.537882 0.884568 0.538715 0.884372 0.539028 0.884064 0.539965
0 0.879640 0.543342 0.880004 0.542387 0.880004 0.541432 0.879276 0.540911 0.878576 0.540825 0.877792 0.542040 0.877540 0.542908 0.877792 0.544036 0.878156 0.544123 0.878940 0.544036
