0 0.201268 0.466823 0.203368 0.465946 0.203592 0.465399 0.202584 0.464523 0.200932 0.463984 0.199504 0.464089 0.197852 0.465286 0.197404 0.466163 0.198748 0.466823
0 0.279808 0.492135 0.281264 0.492396 0.282440 0.490955 0.283924 0.489384 0.284036 0.489123 0.281516 0.488733 0.280060 0.488073 0.278996 0.488733 0.278492 0.490304 0.278352 0.491354
0 0.500224 0.513576 0.500224 0.511701 0.498544 0.509931 0.497704 0.509306 0.496444 0.509201 0.495268 0.509826 0.493924 0.511493 0.493392 0.511910 0.495912 0.514306 0.498544 0.514618
0 0.409196 0.509644 0.408804 0.509644 0.406928 0.509887 0.405528 0.510512 0.405024 0.511892 0.405668 0.513394 0.408048 0.514262 0.409336 0.513142 0.409700 0.511389
0 0.329928 0.481701 0.330460 0.480078 0.330124 0.477917 0.328836 0.477196 0.327548 0.477196 0.326820 0.477734 0.326288 0.479175 0.325756 0.480616 0.327016 0.482240 0.327744 0.482778 0.328472 0.482413
0 0.399032 0.498819 0.399984 0.497153 0.399984 0.495382 0.398304 0.494028 0.397044 0.494549 0.396400 0.494965 0.395980 0.496424 0.396820 0.497465 0.397576 0.498507
0 0.407012 0.465017 0.408860 0.464063 0.409560 0.463368 0.410092 0.462240 0.408076 0.461545 0.406144 0.462587 0.405276 0.463802 0.404996 0.464931
0 0.295824 0.483420 0.297140 0.484288 0.298708 0.484549 0.300472 0.483594 0.300024 0.482552 0.298904 0.481684 0.297140 0.481684
0 0.298400 0.467170 0.300248 0.467170 0.300864 0.467604 0.301564 0.467431 0.301900 0.466042 0.302068 0.465087 0.301564 0.464566 0.300332 0.464566 0.298932 0.463958 0.298484 0.463698 0.297868 0.463264 0.297504 0.463698 0.297252 0.464566 0.297168 0.465347 0.297252 0.466649
0 0.869656 0.498438 0.870720 0.497240 0.871336 0.495434 0.871336 0.494236 0.870412 0.493186 0.869516 0.492891 0.868452 0.492587 0.867696 0.492587 0.866772 0.493941 0.866772 0.495286 0.866940 0.498134 0.868004 0.498733
0 0.828748 0.516441 0.830092 0.515686 0.830708 0.514635 0.830540 0.513585 0.830400 0.512986 0.827068 0.512535 0.825388 0.513733 0.824324 0.514939 0.824324 0.517040 0.826452 0.517786
0 0.371536 0.465720 0.372656 0.465894 0.373440 0.465373 0.373440 0.464505 0.373440 0.463724 0.372040 0.463637 0.371004 0.463203 0.370276 0.463290 0.369772 0.464071 0.370024 0.465373
0 0.370808 0.457734 0.371340 0.457127 0.371004 0.456345 0.370556 0.455911 0.369576 0.455998 0.368960 0.456780 0.368624 0.457734 0.368960 0.458689 0.369492 0.458950 0.370024 0.458602
0 0.372684 0.470234 0.373216 0.472031 0.375232 0.472387 0.377416 0.473108 0.379600 0.473108 0.381392 0.472752 0.382316 0.472569 0.381952 0.471311 0.379600 0.470052 0.378872 0.469688 0.377416 0.469149 0.376688 0.468793 0.374140 0.468793 0.373776 0.468967
0 0.450916 0.465799 0.451980 0.464323 0.451896 0.462847 0.450580 0.461892 0.449264 0.461979 0.448116 0.463108 0.448368 0.465191 0.448984 0.465799
0 0.761716 0.544340 0.763732 0.543220 0.763648 0.541997 0.762416 0.541832 0.760848 0.542700 0.760148 0.543733 0.760148 0.544262
