6 0.148496 0.243811 0.369780 0.254696 0.368828 0.324366 0.145360 0.315347
0 0.488668 0.503915 0.490040 0.502561 0.490320 0.499861 0.490040 0.497465 0.489424 0.496259 0.487604 0.495660 0.486400 0.495512 0.483348 0.496111 0.482760 0.497309 0.482452 0.499861 0.483964 0.503759 0.485196 0.504210
0 0.504292 0.489062 0.504740 0.487561 0.504600 0.486059 0.503816 0.485608 0.501548 0.485313 0.501100 0.485313 0.500792 0.487266 0.500960 0.489062 0.501996 0.490260
0 0.541700 0.539045 0.543184 0.538142 0.544864 0.536641 0.544864 0.536042 0.542428 0.535139 0.541224 0.535443 0.539852 0.536042 0.538816 0.536788 0.538200 0.537839 0.538648 0.538438 0.538816 0.539045 0.540440 0.539236
0 0.217768 0.515816 0.218272 0.517318 0.219420 0.518064 0.220428 0.517943 0.220820 0.515938 0.220540 0.514939 0.219924 0.514063 0.218916 0.514193
0 0.214492 0.530191 0.215500 0.529314 0.216508 0.528438 0.216760 0.527813 0.215864 0.527318 0.214492 0.527943 0.212980 0.528689 0.212476 0.529062 0.212588 0.529818
0 0.192624 0.499219 0.193688 0.498524 0.193688 0.498264 0.193520 0.497309 0.190972 0.496441 0.190524 0.496615 0.189740 0.497743 0.189824 0.498785 0.190188 0.499740 0.191140 0.499740
0 0.316412 0.555764 0.318064 0.556762 0.319184 0.557014 0.320724 0.555894 0.320836 0.554887 0.320080 0.553767 0.318064 0.552517 0.317672 0.552144 0.316412 0.552014 0.315908 0.553394 0.316048 0.554766
0 0.315320 0.526241 0.318092 0.525738 0.318624 0.525243 0.318988 0.524366 0.318092 0.523368 0.316608 0.522743 0.315068 0.523490 0.314312 0.524618 0.313948 0.525990 0.314060 0.527240
0 0.719360 0.529661 0.720704 0.527309 0.720704 0.526649 0.718856 0.526259 0.716336 0.526649 0.715804 0.527960 0.716196 0.530191 0.717260 0.530582
0 0.443644 0.569905 0.444764 0.569453 0.445128 0.568724 0.445576 0.567543 0.445408 0.566814 0.443196 0.566545 0.442188 0.567266 0.441544 0.568724 0.442188 0.569271
0 0.314060 0.452274 0.314480 0.453056 0.315376 0.454010 0.316076 0.454184 0.316496 0.453663 0.316608 0.452708 0.316412 0.452014 0.316160 0.450625 0.315096 0.450191 0.314396 0.450451 0.314228 0.451233
0 0.356424 0.493993 0.357544 0.494340 0.358944 0.494427 0.359560 0.493733 0.359840 0.492431 0.359756 0.491389 0.358860 0.490000 0.358076 0.489392 0.356676 0.489306 0.355612 0.489306 0.354912 0.489740 0.354660 0.490434 0.354828 0.491128 0.355108 0.492344 0.355444 0.493125
0 0.294180 0.466276 0.295132 0.465668 0.295580 0.464887 0.295664 0.464453 0.295496 0.463932 0.294348 0.463585 0.293452 0.463759 0.293032 0.464366 0.292752 0.465408 0.292668 0.466189 0.292948 0.466623 0.293284 0.466623
0 0.431772 0.505521 0.432836 0.506146 0.433872 0.506667 0.434740 0.506979 0.435356 0.506875 0.435776 0.506146 0.435664 0.505313 0.434824 0.504896 0.433368 0.504583
0 0.391620 0.483168 0.392152 0.483950 0.393216 0.484557 0.393916 0.484818 0.395064 0.483950 0.395316 0.482300 0.395316 0.480825 0.393916 0.479523 0.393216 0.479089 0.391816 0.480391
