0 0.347180 0.559201 0.349476 0.557552 0.349616 0.556354 0.349476 0.555000 0.348412 0.554106 0.347180 0.553203 0.346424 0.552899 0.344912 0.552752 0.343400 0.553802 0.342784 0.555755 0.342952 0.557405 0.344016 0.558750 0.345220 0.559201
0 0.488860 0.552604 0.492808 0.551701 0.492808 0.550200 0.492808 0.548255 0.490092 0.546606 0.487040 0.546606 0.484016 0.547951 0.483092 0.550052 0.484156 0.552005 0.486004 0.553056
0 0.653528 0.599722 0.655320 0.598368 0.654900 0.597535 0.654256 0.597118 0.653416 0.596701 0.652044 0.597014 0.651316 0.597743 0.651204 0.598889 0.651848 0.599931
0 0.771688 0.600781 0.772892 0.598082 0.772892 0.598082 0.771688 0.596884 0.768496 0.596580 0.767292 0.596884 0.766536 0.598984 0.767432 0.600182 0.768496 0.601085
0 0.816712 0.595833 0.817916 0.594931 0.818980 0.594332 0.819120 0.593281 0.818532 0.592083 0.816852 0.591484 0.813968 0.592083 0.813380 0.592378 0.812316 0.592977 0.811392 0.593733 0.811084 0.594332 0.810944 0.595530 0.812456 0.596884 0.813968 0.597179 0.814892 0.597179
0 0.853448 0.590877 0.853812 0.589401 0.854148 0.587752 0.853812 0.586797 0.852832 0.586276 0.851348 0.585668 0.850116 0.585668 0.849052 0.586970 0.848352 0.588186 0.848436 0.589314 0.849948 0.590616 0.851180 0.590877
0 0.836480 0.579948 0.838244 0.578819 0.839280 0.577778 0.839896 0.576389 0.838944 0.575694 0.836312 0.575174 0.834716 0.575521 0.833148 0.576389 0.832280 0.577865 0.833232 0.578819 0.835248 0.580035
0 0.572720 0.566840 0.574988 0.566146 0.575268 0.565191 0.574736 0.564062 0.573168 0.563108 0.572356 0.562847 0.570788 0.563368 0.569472 0.564410 0.569472 0.565191 0.569556 0.566493 0.570620 0.566840
0 0.868260 0.611337 0.871956 0.611024 0.872908 0.611024 0.872572 0.609878 0.871424 0.608941 0.869632 0.608941 0.868260 0.609358 0.867840 0.609774 0.867420 0.610503
0 0.896260 0.599219 0.898696 0.596675 0.898248 0.595625 0.896428 0.594123 0.894440 0.593672 0.891108 0.593819 0.890800 0.595773 0.890660 0.597118 0.891864 0.599670 0.892928 0.600122
