0 0.738816 0.480998 0.737780 0.480825 0.736716 0.481085 0.736184 0.481953 0.736464 0.482734 0.737332 0.483429 0.738480 0.482995 0.738816 0.482214
0 0.728204 0.473793 0.727168 0.473359 0.725488 0.473793 0.724956 0.474748 0.725768 0.475443 0.727252 0.475530 0.728484 0.475269 0.729100 0.474748
0 0.734784 0.474392 0.736548 0.472309 0.736884 0.470851 0.736660 0.470538 0.735092 0.470642 0.733608 0.472413 0.733608 0.473663
0 0.725012 0.478611 0.723948 0.478177 0.722828 0.479479 0.723696 0.480955 0.724844 0.481128 0.725880 0.480347
0 0.725964 0.471146 0.726412 0.470365 0.727476 0.468889 0.727476 0.468021 0.725964 0.467760 0.724312 0.469062 0.723780 0.470712 0.724228 0.471840
0 0.471556 0.491102 0.473572 0.490408 0.473824 0.489366 0.473740 0.488498 0.472144 0.488151 0.470576 0.488498 0.469708 0.489366 0.469428 0.491102
0 0.232100 0.490365 0.233864 0.490495 0.234872 0.489870 0.234872 0.488490 0.233752 0.487370 0.231848 0.487118 0.230952 0.487865 0.230840 0.490365
0 0.166608 0.521389 0.168372 0.519514 0.168876 0.518394 0.167616 0.517891 0.166356 0.518264 0.164956 0.518889 0.164452 0.519644 0.164060 0.521389 0.164816 0.521519
0 0.159216 0.484939 0.161148 0.485286 0.162800 0.485026 0.163164 0.484332 0.162548 0.483464 0.160700 0.483116 0.158600 0.483203 0.158152 0.484332
0 0.059564 0.514201 0.060628 0.512405 0.059564 0.511354 0.058192 0.510903 0.056960 0.511502 0.056372 0.513299 0.057128 0.514054
0 0.259848 0.507300 0.261360 0.502300 0.259960 0.501050 0.258084 0.499800 0.253520 0.500556 0.251896 0.501927 0.250888 0.503429 0.250356 0.505556 0.251756 0.507431 0.253016 0.508307 0.256040 0.508932
0 0.364764 0.520694 0.366724 0.519497 0.367508 0.517700 0.366892 0.516493 0.362972 0.514097 0.360676 0.514549 0.360060 0.517995 0.360676 0.520095 0.362356 0.521293
