0 0.884916 0.531276 0.885168 0.529080 0.884916 0.528151 0.883768 0.528238 0.883068 0.529714 0.882816 0.530929 0.883432 0.531623
0 0.928428 0.534115 0.930360 0.535503 0.932628 0.536285 0.934224 0.536024 0.933860 0.534549 0.932992 0.533420 0.932292 0.532465 0.931396 0.532031 0.929996 0.531858 0.928596 0.532118
0 0.936296 0.530043 0.938452 0.530165 0.940216 0.529540 0.941588 0.528168 0.941084 0.526415 0.937696 0.526163 0.934392 0.527665 0.934644 0.529913
0 0.923332 0.536944 0.925124 0.535564 0.926132 0.533689 0.925740 0.532691 0.923864 0.531693 0.922716 0.531814 0.920952 0.533194 0.920308 0.535564 0.920560 0.537318 0.921316 0.537569
0 0.942176 0.535156 0.943268 0.536953 0.945648 0.537500 0.947468 0.536415 0.948560 0.534253 0.946908 0.531554 0.945088 0.531380 0.941812 0.532274
0 0.926468 0.542257 0.929744 0.542257 0.931396 0.541753 0.932040 0.540252 0.931508 0.538750 0.930136 0.538255 0.926832 0.538880 0.925320 0.539627 0.924816 0.541250
0 0.920504 0.544071 0.920084 0.542682 0.917788 0.541901 0.915940 0.542335 0.915156 0.543724 0.915324 0.545720 0.916024 0.547196 0.917452 0.547109 0.919356 0.545807
0 0.935064 0.553550 0.937192 0.554748 0.939768 0.555043 0.942036 0.555200 0.942960 0.554149 0.942652 0.552500 0.937948 0.551293 0.937192 0.551597
0 0.914204 0.533594 0.914736 0.531510 0.914568 0.529688 0.913672 0.528125 0.912104 0.527604 0.910256 0.527778 0.909220 0.529514 0.909136 0.532031 0.910172 0.534028 0.911488 0.534722
0 0.926496 0.526563 0.928596 0.526128 0.929296 0.525608 0.928960 0.524045 0.927364 0.523351 0.925096 0.524045 0.924312 0.525608
0 0.230696 0.541059 0.230612 0.539757 0.229100 0.538602 0.227448 0.537760 0.225628 0.538108 0.224116 0.540451 0.224592 0.542977 0.225432 0.544748 0.227308 0.544748 0.228988 0.543915 0.230444 0.542882
0 0.205748 0.529644 0.209304 0.531415 0.214680 0.532665 0.217424 0.532873 0.218572 0.531727 0.218572 0.528290 0.214988 0.526207 0.211516 0.525686 0.206896 0.525165 0.205104 0.525582 0.204684 0.528707
7 0.341156 0.282370 0.664388 0.282986 0.664556 0.367622 0.341632 0.367344
