0 0.414108 0.543108 0.413800 0.545399 0.415592 0.546337 0.416208 0.544253 0.415480 0.543108
0 0.403468 0.535104 0.405092 0.537266 0.406380 0.537986 0.407836 0.536727 0.405652 0.534566
0 0.347972 0.555087 0.349624 0.556701 0.351808 0.555981 0.352340 0.552743 0.350520 0.552023 0.348896 0.552561
0 0.235692 0.558385 0.236308 0.560573 0.238212 0.561406 0.241376 0.560885 0.243588 0.559635 0.243168 0.556927 0.242104 0.555677 0.239808 0.555573 0.237484 0.556406
0 0.145364 0.537578 0.146260 0.538698 0.147912 0.539323 0.149424 0.537448 0.148276 0.535200 0.146400 0.535703
0 0.126688 0.511953 0.126940 0.515078 0.129964 0.515330 0.130356 0.513073 0.129600 0.511076 0.128340 0.511076
0 0.116328 0.530573 0.117224 0.532830 0.118232 0.533698 0.120360 0.532830 0.121144 0.530451 0.121256 0.528455 0.119240 0.527578 0.117336 0.528828
0 0.023760 0.511380 0.025020 0.513559 0.028800 0.512630 0.030088 0.510764 0.027232 0.508273 0.024740 0.508273
0 0.541984 0.517639 0.542740 0.518767 0.544504 0.519514 0.546660 0.518385 0.547276 0.516762 0.546772 0.514766 0.544868 0.514262 0.542852 0.515764
0 0.434464 0.556545 0.435416 0.556545 0.436648 0.556719 0.437516 0.556285 0.435444 0.553993
0 0.906264 0.530217 0.907636 0.532405 0.909848 0.533134 0.911752 0.532613 0.912368 0.531155 0.911640 0.528655 0.909428 0.527925 0.907636 0.528030
