0 0.251040 0.550191 0.251208 0.553611 0.255044 0.553429 0.257592 0.550547 0.256668 0.548750 0.252664 0.548568
0 0.800932 0.527995 0.802752 0.529792 0.805132 0.528351 0.805132 0.526189 0.801856 0.526016
0 0.681708 0.538090 0.682352 0.541094 0.686244 0.540964 0.686888 0.536962 0.684480 0.535964
0 0.676668 0.544340 0.677088 0.547153 0.678880 0.547049 0.680868 0.545174 0.680672 0.542257 0.679188 0.542361
0 0.606556 0.537153 0.607956 0.539062 0.610504 0.539062 0.611288 0.536806 0.609636 0.535937 0.607256 0.535764
0 0.621592 0.555451 0.621928 0.557986 0.624336 0.558906 0.626912 0.556502 0.626604 0.553655 0.623580 0.552899
0 0.551144 0.537153 0.551900 0.540304 0.555232 0.540755 0.556912 0.538950 0.555400 0.536102 0.552656 0.535651
0 0.504356 0.535373 0.508332 0.536276 0.510516 0.533932 0.508164 0.531233 0.503992 0.532491
0 0.428084 0.549644 0.428280 0.553247 0.432816 0.553429 0.434832 0.549644 0.431192 0.548212
0 0.270864 0.527509 0.273944 0.530391 0.278676 0.530208 0.279404 0.525530 0.276492 0.522830 0.272852 0.523906
6 0.094856 0.348073 0.093316 0.276137 0.316168 0.281111 0.317260 0.351311
0 0.162000 0.540911 0.163736 0.543290 0.167684 0.543073 0.168972 0.540052 0.164408 0.537891
