0 0.914332 0.530503 0.915228 0.533003 0.918140 0.533628 0.918896 0.531380 0.917384 0.529505
0 0.701056 0.500512 0.701812 0.502517 0.703828 0.502639 0.704864 0.501389 0.704472 0.499766 0.702456 0.499514
0 0.539580 0.498212 0.540532 0.499670 0.542212 0.499358 0.542408 0.497274 0.540644 0.496649 0.539580 0.497274
0 0.495144 0.490764 0.495396 0.492326 0.496908 0.492674 0.498560 0.491458 0.497888 0.489931 0.496460 0.489462
0 0.510628 0.547361 0.511692 0.550694 0.512952 0.551111 0.514828 0.549236 0.513568 0.546632 0.511272 0.546632
0 0.484924 0.552639 0.485680 0.555512 0.488032 0.555512 0.489124 0.554071 0.489488 0.551016 0.486744 0.550833
0 0.431640 0.550295 0.433292 0.553177 0.435280 0.552995 0.436540 0.551198 0.435448 0.548316 0.432900 0.547778
0 0.393980 0.515556 0.396724 0.520052 0.399440 0.520599 0.400896 0.518437 0.400896 0.514115 0.400896 0.514115 0.396360 0.513576
0 0.226204 0.496050 0.226652 0.498906 0.229536 0.499054 0.231356 0.497405 0.230152 0.495156 0.228024 0.495000
0 0.033956 0.535747 0.034264 0.540226 0.037736 0.540955 0.040284 0.539184 0.039220 0.535955 0.035328 0.534913
