0 0.529996 0.607925 0.529212 0.607057 0.528260 0.606536 0.528176 0.604974 0.528512 0.604193 0.529296 0.604280 0.530108 0.604714 0.530444 0.605148 0.530808 0.605755 0.530892 0.606536 0.531060 0.606797
0 0.535792 0.614349 0.535708 0.612873 0.535008 0.610530 0.534056 0.609661 0.531508 0.609488 0.530892 0.610964 0.531312 0.613307 0.532376 0.615304
0 0.541056 0.615130 0.541952 0.614870 0.542736 0.613915 0.544220 0.612005 0.544136 0.609488 0.542288 0.609054 0.539656 0.611050 0.538424 0.613220 0.538088 0.614870 0.538704 0.615738
0 0.550436 0.614957 0.550800 0.614696 0.552284 0.613828 0.552284 0.612352 0.551248 0.611484 0.549652 0.613394
0 0.556932 0.615738 0.555812 0.615564 0.554216 0.617387 0.553684 0.618950 0.553600 0.621988 0.556512 0.620252 0.556512 0.618950 0.559144 0.618516 0.559312 0.617040
0 0.548168 0.622856 0.549736 0.621554 0.550184 0.620773 0.550352 0.619036 0.549316 0.617734 0.547104 0.618429 0.546236 0.621380
0 0.547188 0.627283 0.546684 0.626936 0.545704 0.626328 0.545004 0.624505 0.545284 0.623724 0.547720 0.623984 0.548252 0.626762
0 0.546936 0.629366 0.545872 0.629366 0.544836 0.630061 0.544388 0.631363 0.545704 0.632491 0.546768 0.632665 0.547552 0.631710 0.547916 0.630582
0 0.534056 0.632925 0.539824 0.630755 0.539824 0.626241 0.537892 0.625200 0.537724 0.624245 0.539656 0.623464 0.540440 0.622248 0.540020 0.619557 0.539040 0.618255 0.537472 0.617561 0.534560 0.618602 0.533076 0.619470 0.532292 0.620252 0.532124 0.621467 0.532628 0.622682 0.532628 0.623550 0.531676 0.624332 0.530528 0.625373 0.529996 0.626328 0.529296 0.627717 0.530108 0.630148 0.531228 0.631102 0.532376 0.631884
0 0.529660 0.624592 0.531312 0.618255 0.529828 0.614696 0.527644 0.613655 0.525628 0.614696 0.524144 0.615651 0.523332 0.616693 0.523332 0.618255 0.524480 0.621207 0.527560 0.624939
1 0.327304 0.552708 0.328788 0.551146 0.328172 0.549497 0.326492 0.548194 0.324756 0.548542 0.324224 0.549410 0.324308 0.550712 0.325176 0.552535
7 0.585548 0.283724 0.905504 0.294809 0.904188 0.379583 0.581628 0.367517
