0 0.644800 0.517109 0.645052 0.520859 0.645920 0.522613 0.646564 0.525738 0.646172 0.527986 0.645920 0.530365 0.648188 0.531736 0.651604 0.530608 0.652752 0.528238 0.652752 0.525608 0.649476 0.519358
0 0.638724 0.531363 0.635952 0.531736 0.634552 0.532865 0.633936 0.534861 0.634440 0.535990 0.637576 0.536484 0.639984 0.535990 0.640376 0.533611
0 0.568192 0.533637 0.566960 0.534505 0.566176 0.535460 0.565728 0.536241 0.565392 0.537361 0.565476 0.537543 0.565644 0.538064 0.566960 0.539097 0.570124 0.538498 0.572560 0.537283 0.571524 0.533377
0 0.536524 0.532821 0.534676 0.533950 0.532744 0.535425 0.531960 0.535859 0.531792 0.537161 0.531960 0.538550 0.532576 0.539939 0.533528 0.541241 0.536440 0.541936 0.538960 0.541415 0.540556 0.540460 0.541256 0.538030 0.540808 0.533950
0 0.439616 0.541623 0.438104 0.543099 0.437152 0.545009 0.437068 0.546398 0.437320 0.548655 0.438104 0.551172 0.438804 0.552387 0.439868 0.552734 0.441632 0.552648 0.444264 0.552474 0.445832 0.551606 0.446280 0.550304 0.446448 0.547179 0.445580 0.543707 0.441184 0.541970
0 0.456808 0.543273 0.455576 0.544227 0.455044 0.546137 0.455212 0.547266 0.455912 0.549089 0.456528 0.549696 0.460140 0.550043 0.461176 0.549089 0.461092 0.545877
0 0.436984 0.552995 0.435584 0.552734 0.434072 0.552734 0.432336 0.552908 0.432224 0.553776 0.432756 0.555512 0.433288 0.556467 0.433652 0.557161 0.434352 0.557856 0.436088 0.559071 0.437936 0.559592 0.439952 0.559071 0.441100 0.557075 0.440820 0.555773
0 0.217324 0.536675 0.215196 0.537674 0.214552 0.539427 0.214944 0.541545 0.215952 0.542925 0.217464 0.544175 0.221748 0.543663 0.222532 0.541580 0.222644 0.539670 0.220796 0.537587
0 0.119912 0.541658 0.117560 0.542917 0.116832 0.544175 0.117196 0.545981 0.118288 0.547778 0.119912 0.549036 0.121564 0.548498 0.123384 0.548142 0.124840 0.546701 0.124644 0.543637
0 0.062792 0.538984 0.059908 0.540278 0.059404 0.542865 0.059908 0.544427 0.062008 0.544939 0.064640 0.544679 0.066740 0.542352
