6 0.056292 0.222127 0.281776 0.230122 0.280684 0.302266 0.054724 0.295747
0 0.034760 0.458125 0.033108 0.459245 0.032240 0.460495 0.031736 0.462370 0.031736 0.463125 0.035264 0.464375 0.036412 0.463247 0.036916 0.460747
0 0.045512 0.467752 0.044112 0.469497 0.043608 0.470122 0.043468 0.472248 0.044476 0.473247 0.045624 0.473498 0.048536 0.473498 0.049040 0.473125 0.049908 0.470000
0 0.881900 0.449983 0.881004 0.450530 0.879912 0.452144 0.879912 0.453229 0.880640 0.455026 0.882992 0.454123 0.883916 0.451606
0 0.865884 0.486163 0.864792 0.487248 0.863364 0.489045 0.863728 0.490486 0.864792 0.491389 0.867732 0.490122 0.867900 0.487969
0 0.779112 0.466997 0.778216 0.467717 0.776928 0.469878 0.777292 0.471319 0.779476 0.471858 0.780932 0.469158
0 0.780568 0.483194 0.783844 0.483377 0.787680 0.486076 0.793504 0.487335 0.792776 0.491293 0.791656 0.491832 0.789304 0.491111 0.787680 0.490217 0.781296 0.489314 0.779840 0.487335
0 0.745820 0.501354 0.744280 0.502248 0.744140 0.503602 0.744588 0.504653 0.748536 0.504505 0.749740 0.503455
0 0.723252 0.471094 0.722188 0.471198 0.721152 0.471615 0.721236 0.472135 0.721572 0.472969 0.722328 0.473698 0.724624 0.473698 0.725268 0.472865
0 0.589216 0.492778 0.587032 0.493559 0.586864 0.493733 0.586780 0.494688 0.587480 0.495903 0.588348 0.496858 0.590196 0.497031 0.593080 0.495660 0.592100 0.492969
