0 0.282548 0.500365 0.284116 0.499757 0.284732 0.499062 0.285180 0.497153 0.283584 0.496120 0.282352 0.495764 0.282268 0.496719 0.282016 0.498368
0 0.316260 0.496910 0.317940 0.495955 0.318192 0.495000 0.317492 0.494045 0.315756 0.493003 0.314608 0.493003 0.313628 0.493351 0.313544 0.495694 0.314160 0.496649
0 0.265580 0.583238 0.264180 0.583672 0.264096 0.584366 0.264628 0.585148 0.265496 0.585321 0.266728 0.584800 0.267428 0.583498
0 0.185892 0.589115 0.184660 0.589896 0.184744 0.590677 0.184940 0.591632 0.185360 0.592326 0.185976 0.592500 0.186956 0.592326 0.187460 0.590938
0 0.182224 0.583385 0.180908 0.583733 0.180460 0.584687 0.180544 0.585642 0.182028 0.587205 0.185276 0.585816 0.185640 0.582951
0 0.170520 0.554948 0.169652 0.555035 0.168588 0.555122 0.168168 0.555642 0.168084 0.556510 0.169120 0.556771 0.171584 0.556597 0.186928 0.546181
0 0.086688 0.510182 0.087136 0.510443 0.087220 0.511224 0.087416 0.512700 0.088200 0.513047 0.088732 0.513394 0.088816 0.513915 0.088452 0.514262 0.087584 0.514002 0.086184 0.513220 0.085204 0.512439 0.085120 0.510703
0 0.109256 0.476884 0.107940 0.477578 0.106960 0.479488 0.107660 0.480703 0.109508 0.480356 0.110460 0.478446
1 0.262780 0.500139 0.265552 0.498264 0.267708 0.496510 0.269108 0.494514 0.269220 0.493012 0.270480 0.490634 0.267820 0.490139 0.266448 0.491007 0.265552 0.492639 0.264292 0.495764 0.261884 0.496389 0.261632 0.497257
0 0.915208 0.509280 0.918288 0.509453 0.921200 0.508741 0.922852 0.506936 0.923384 0.504418 0.924112 0.500998 0.924840 0.497760 0.922852 0.497396 0.919016 0.500816 0.918484 0.504601 0.916104 0.506580
0 0.912800 0.503125 0.912016 0.503299 0.911316 0.503646 0.911148 0.504167 0.912016 0.504774 0.913080 0.504601 0.914200 0.503646 0.918596 0.494792
0 0.927164 0.591649 0.925932 0.592431 0.925848 0.592951 0.925848 0.593646 0.926464 0.594514 0.928032 0.594601 0.928676 0.593819 0.928844 0.592865
0 0.822976 0.601233 0.821744 0.602274 0.820512 0.603490 0.820232 0.604010 0.819980 0.605313 0.820344 0.606007 0.821296 0.605920 0.822360 0.605313 0.823760 0.604618 0.824908 0.604010 0.825860 0.603056 0.825692 0.602187
0 0.833980 0.526884 0.833280 0.527491 0.833028 0.528273 0.832860 0.529141 0.832776 0.529835 0.833196 0.530356 0.834092 0.530009 0.834512 0.529575 0.835212 0.528880 0.834876 0.528099
0 0.840700 0.498941 0.839916 0.499106 0.839832 0.500321 0.840000 0.500842 0.840700 0.500842 0.841680 0.500148 0.842128 0.498941 0.846496 0.494071
0 0.828436 0.504054 0.826952 0.504844 0.826140 0.506224 0.825524 0.507786 0.825524 0.509002 0.826588 0.509618 0.827820 0.509358 0.828436 0.508394 0.829220 0.507448 0.830368 0.506918 0.830872 0.504844 0.830536 0.504488
0 0.825972 0.518116 0.824404 0.518733 0.824320 0.519601 0.824824 0.520469 0.825440 0.521076 0.826140 0.521155 0.827540 0.519167
0 0.823508 0.500677 0.822192 0.500069 0.821772 0.499714 0.821688 0.499201 0.821772 0.497977 0.820792 0.496771 0.820372 0.495547 0.819140 0.495113 0.817992 0.495903 0.817908 0.497370 0.818160 0.499106 0.818608 0.500408 0.819224 0.501111 0.819924 0.501884 0.820540 0.502674 0.821240 0.503012 0.822192 0.503012 0.823340 0.502057
0 0.796544 0.501589 0.795480 0.502283 0.794332 0.503151 0.793464 0.504366 0.793716 0.505495 0.794164 0.506016 0.794948 0.506970 0.795648 0.507578 0.797244 0.507144 0.797160 0.506189 0.797776 0.504887 0.798812 0.503672 0.798728 0.502717
0 0.731360 0.591736 0.730660 0.592170 0.730212 0.592604 0.729960 0.593385 0.730128 0.594080 0.730828 0.594427 0.731612 0.594514 0.732312 0.594340 0.732928 0.593212 0.732844 0.592604
0 0.731360 0.598073 0.730464 0.598854 0.729848 0.599983 0.730128 0.600851 0.730996 0.600938 0.732284 0.600000 0.732676 0.598681
1 0.812084 0.489002 0.812364 0.490304 0.812812 0.491519 0.813400 0.492040 0.814016 0.492127 0.815248 0.492300 0.816396 0.491866 0.816564 0.490998 0.815612 0.489783 0.814016 0.489262
0 0.721336 0.506519 0.720272 0.506780 0.720104 0.506953 0.720188 0.508429 0.720720 0.508602 0.721588 0.508342 0.722204 0.507821 0.722484 0.507214 0.724920 0.503741
0 0.629160 0.542170 0.626696 0.543038 0.625996 0.544167 0.625296 0.545556 0.625464 0.547118 0.626864 0.549462 0.628992 0.549635 0.632128 0.547986 0.633976 0.545990
0 0.390068 0.501840 0.387688 0.502743 0.387520 0.503819 0.388248 0.504540 0.389872 0.505087 0.390068 0.505260 0.391328 0.504366 0.392056 0.502925 0.392420 0.501120 0.392056 0.500043
0 0.279720 0.506797 0.278488 0.507405 0.278068 0.507665 0.278236 0.508611 0.279188 0.509045 0.280252 0.509141 0.280952 0.508351 0.281400 0.507309
