0 0.863148 0.523498 0.861692 0.523854 0.861160 0.524939 0.861328 0.526918 0.862980 0.527457 0.865164 0.527274 0.866060 0.524939
0 0.900276 0.509080 0.899072 0.509679 0.898008 0.510877 0.897868 0.511927 0.899072 0.513273 0.899828 0.513576 0.900584 0.513576 0.901956 0.513576 0.902572 0.512378 0.902264 0.510573
0 0.952524 0.546337 0.954932 0.549210 0.958096 0.551458 0.957844 0.552708 0.954932 0.552960 0.949500 0.551207 0.948128 0.547708
0 0.850408 0.561094 0.849428 0.561181 0.848728 0.562049 0.848644 0.562830 0.849176 0.563524 0.849876 0.563785 0.851192 0.563698 0.851724 0.562569 0.851640 0.562049
0 0.872948 0.571337 0.871884 0.572118 0.871800 0.573160 0.872248 0.574462 0.873200 0.574809 0.874264 0.573941 0.874964 0.572378
0 0.864352 0.562917 0.863204 0.563785 0.863036 0.564826 0.863484 0.565694 0.865052 0.566128 0.865836 0.565868 0.866452 0.564045 0.866452 0.563524
0 0.743028 0.546910 0.741852 0.546806 0.740900 0.547222 0.740060 0.547639 0.739640 0.548472 0.740704 0.549514 0.742076 0.550139 0.743644 0.550243 0.744484 0.548993
0 0.619100 0.595816 0.617420 0.595903 0.617084 0.596597 0.617168 0.597812 0.617952 0.598333 0.618988 0.598767 0.621452 0.598767 0.622852 0.597378
0 0.621536 0.602674 0.621452 0.602587 0.621284 0.602240 0.619968 0.601806 0.619436 0.602153 0.619268 0.603021 0.619688 0.604236 0.620304 0.605017 0.621116 0.605451 0.623132 0.605538 0.623468 0.603802
0 0.624252 0.599028 0.623552 0.600503 0.624252 0.602326 0.625400 0.602500 0.626268 0.602066 0.626884 0.600503
0 0.585080 0.515807 0.588496 0.514332 0.590960 0.511120 0.592276 0.509557 0.598576 0.506953 0.604036 0.505825 0.605968 0.505564 0.607004 0.506866 0.606304 0.508255 0.598576 0.511814 0.596644 0.513290 0.595356 0.514071 0.591492 0.514852 0.586396 0.518064 0.585248 0.518064
0 0.580768 0.513203 0.581384 0.511814 0.580964 0.509557 0.579032 0.509384 0.577800 0.509384 0.576316 0.510512 0.575784 0.511727 0.576484 0.512943 0.578752 0.513637
0 0.577268 0.505651 0.579116 0.503568 0.579284 0.500356 0.579116 0.494453 0.575952 0.497578 0.575252 0.498620 0.573068 0.497839 0.571668 0.497231 0.571304 0.497665 0.571136 0.499835 0.571220 0.502352 0.572004 0.503655 0.573488 0.505564
0 0.575280 0.601571 0.574496 0.602613 0.573432 0.604870 0.573012 0.606693 0.573516 0.607648 0.574412 0.608255 0.576680 0.607734 0.577828 0.605998 0.578696 0.604175 0.577744 0.602439
0 0.574748 0.589245 0.573348 0.590373 0.572032 0.590981 0.571416 0.592457 0.571248 0.593932 0.571780 0.595234 0.573012 0.596102 0.574748 0.596797 0.575980 0.596884 0.578780 0.596450 0.579676 0.594627 0.580460 0.592717 0.580096 0.589939
0 0.568448 0.599661 0.569064 0.596016 0.568364 0.593932 0.567216 0.592196 0.565200 0.591589 0.563604 0.591762 0.562568 0.592543 0.562120 0.594366 0.562484 0.595668 0.563100 0.597491 0.564304 0.599141
0 0.585024 0.593585 0.584408 0.594366 0.583624 0.595582 0.583176 0.596970 0.583792 0.597318 0.585808 0.597144 0.587040 0.595929 0.586592 0.593238
0 0.581860 0.584123 0.581244 0.584470 0.581076 0.585859 0.581496 0.586641 0.583008 0.586988 0.584044 0.586293 0.584492 0.584557
0 0.589224 0.590634 0.588356 0.590894 0.588188 0.591762 0.588692 0.592283 0.589840 0.591589 0.593004 0.588898
0 0.571584 0.615955 0.570716 0.616641 0.570380 0.617769 0.570632 0.618733 0.571248 0.619939 0.573180 0.620035 0.573712 0.616641
0 0.548652 0.534670 0.547588 0.534878 0.546552 0.535608 0.546132 0.536337 0.546972 0.537066 0.548344 0.537274 0.550332 0.536858 0.550444 0.535816
0 0.540196 0.511580 0.539748 0.511927 0.539300 0.512882 0.539496 0.513576 0.540448 0.513316 0.541316 0.512622 0.553692 0.506111
0 0.482936 0.594115 0.485148 0.595243 0.486380 0.596719 0.485484 0.598628 0.483748 0.598802 0.480052 0.596892 0.478120 0.594635
0 0.492960 0.510321 0.494108 0.510842 0.494724 0.511884 0.495060 0.512925 0.494556 0.513359 0.493688 0.513273 0.492960 0.512839 0.492428 0.510668
0 0.259636 0.524010 0.257340 0.524262 0.256864 0.525139 0.257592 0.527760 0.261904 0.528264 0.263164 0.529132 0.263920 0.529514 0.264060 0.527387 0.261400 0.524514
0 0.333388 0.529878 0.331652 0.529444 0.331036 0.529618 0.330588 0.530747 0.331120 0.531788 0.331988 0.532569 0.335684 0.532743 0.336020 0.531615
0 0.055236 0.493490 0.058372 0.492717 0.058624 0.489340 0.061508 0.486233 0.063860 0.485200 0.065176 0.485972 0.064644 0.488307 0.063608 0.490122 0.062824 0.492196 0.062292 0.494783 0.060724 0.495304 0.055768 0.495564
0 0.066520 0.580894 0.065204 0.581328 0.064224 0.582196 0.064224 0.583064 0.064840 0.583672 0.067668 0.583672 0.068452 0.582457
