0 0.961324 0.538438 0.961408 0.537396 0.961100 0.536667 0.960148 0.536354 0.959532 0.536250 0.958384 0.536563 0.957628 0.536979 0.957936 0.538229 0.958692 0.539687 0.959112 0.540313 0.960260 0.539583
1 0.600880 0.581944 0.601636 0.581432 0.601636 0.580738 0.601272 0.580477 0.599704 0.580564 0.598724 0.580998 0.597688 0.581432 0.597520 0.581866 0.597940 0.582561 0.599312 0.582552 0.600012 0.582205
1 0.611212 0.554479 0.611576 0.552977 0.610820 0.551476 0.609812 0.550981 0.608412 0.551858 0.607796 0.553108 0.608300 0.555104 0.608916 0.556102 0.610204 0.555981
1 0.691376 0.551354 0.692524 0.550000 0.692104 0.548437 0.690620 0.547396 0.688744 0.547500 0.686840 0.548437 0.685776 0.549896 0.685776 0.551979 0.688100 0.552500
0 0.059808 0.496762 0.059444 0.495503 0.057820 0.494783 0.056532 0.495321 0.055636 0.496944 0.055804 0.498385 0.057260 0.499462 0.058548 0.499280
0 0.220304 0.558715 0.221396 0.557821 0.221228 0.556016 0.220136 0.555295 0.218680 0.555295 0.217224 0.555842 0.215404 0.559262 0.216300 0.560156 0.217756 0.560156 0.218848 0.559436
0 0.785260 0.559983 0.784392 0.559028 0.782376 0.558941 0.780444 0.560417 0.779912 0.561806 0.780080 0.562934 0.781396 0.564410 0.784476 0.564497 0.785344 0.563802 0.785876 0.562326 0.785876 0.560851
0 0.773864 0.560069 0.775432 0.559549 0.775964 0.558681 0.775796 0.557899 0.772268 0.556944 0.770168 0.557899 0.769748 0.559983 0.772016 0.560764
0 0.692104 0.569740 0.691600 0.568741 0.689948 0.567865 0.689192 0.567613 0.687932 0.567613 0.686784 0.567995 0.686420 0.569245 0.686532 0.570365 0.688156 0.572396 0.690088 0.572240 0.691600 0.571363 0.691852 0.570990
1 0.905240 0.531988 0.905240 0.530868 0.904232 0.530243 0.903084 0.530495 0.902188 0.531493 0.902328 0.532743 0.903224 0.533620 0.904092 0.533993 0.905240 0.533238
