0 0.394744 0.613950 0.395444 0.611953 0.395444 0.610217 0.394044 0.608741 0.392644 0.608220 0.391328 0.609002 0.390264 0.610564 0.390096 0.612300 0.390796 0.613776 0.391916 0.614991 0.393232 0.614818
0 0.405776 0.511710 0.406952 0.509523 0.406532 0.508168 0.405888 0.506163 0.404292 0.505295 0.402024 0.505816 0.399644 0.506858 0.400624 0.510043 0.401044 0.511502 0.402836 0.512127 0.404096 0.512231
0 0.375956 0.605087 0.376908 0.604826 0.378420 0.604253 0.378056 0.602743 0.377692 0.601701 0.375956 0.601701 0.374192 0.602309 0.373408 0.603177 0.373128 0.603872 0.373492 0.604826 0.374108 0.605087
0 0.371728 0.616302 0.374276 0.617743 0.376656 0.619722 0.377916 0.619358 0.377916 0.617023 0.377188 0.614679 0.375200 0.613238 0.373184 0.612882 0.371364 0.612700 0.370636 0.614141
1 0.309708 0.511745 0.309708 0.510095 0.309540 0.508880 0.308560 0.508707 0.306796 0.509488 0.306096 0.511571 0.306460 0.512873 0.308224 0.512439
1 0.335132 0.516710 0.336084 0.516276 0.336448 0.514800 0.335748 0.514366 0.334320 0.514366 0.333116 0.515321 0.332752 0.516276 0.332920 0.517144 0.334152 0.517144
1 0.343336 0.520399 0.343896 0.519227 0.344148 0.517665 0.343196 0.516623 0.341628 0.517144 0.340564 0.519575 0.341012 0.520269 0.341880 0.520616
1 0.348376 0.527908 0.348796 0.526519 0.348544 0.525043 0.347844 0.524870 0.346612 0.525304 0.346276 0.526172 0.346612 0.527648
1 0.393036 0.531267 0.393372 0.529618 0.393288 0.528663 0.392588 0.528142 0.391272 0.528924 0.391104 0.530226 0.391356 0.531615 0.391972 0.531962
1 0.398412 0.538108 0.399364 0.535920 0.399252 0.535087 0.398412 0.534566 0.396844 0.534253 0.396088 0.535399 0.396312 0.537274
1 0.378252 0.546615 0.380436 0.545139 0.381220 0.542969 0.380520 0.540625 0.379652 0.540191 0.376852 0.540104 0.374024 0.541059 0.372456 0.542014 0.372988 0.543316 0.374640 0.545747
