0 0.562248 0.552865 0.565272 0.552865 0.567176 0.555495 0.563648 0.557240 0.561240 0.555616
0 0.555052 0.548490 0.557068 0.547370 0.554800 0.544115 0.551272 0.544870 0.552392 0.547865
0 0.455484 0.541649 0.459852 0.538767 0.458200 0.536250 0.454196 0.533733 0.451648 0.535530 0.451116 0.538047 0.448568 0.538047 0.450752 0.540929 0.452936 0.541467
0 0.209028 0.544549 0.211016 0.544340 0.212808 0.543403 0.211548 0.541111 0.207768 0.541007 0.206816 0.542778
0 0.072836 0.533255 0.076840 0.532517 0.079472 0.530538 0.077876 0.527830 0.074824 0.525747 0.070316 0.525538 0.068412 0.527517 0.067460 0.530434 0.068748 0.531997
1 0.121864 0.527795 0.121108 0.525790 0.117944 0.523793 0.115536 0.523915 0.114640 0.524792 0.115032 0.527170 0.116040 0.529288 0.117048 0.530668 0.119316 0.531042 0.120968 0.529913
1 0.129368 0.524714 0.127800 0.522196 0.125252 0.520807 0.123124 0.520720 0.122424 0.521068 0.122620 0.523238 0.123404 0.524887 0.124720 0.526016 0.126568 0.526970 0.127968 0.527057 0.129004 0.526884 0.129116 0.525929
1 0.111560 0.530278 0.109796 0.528776 0.107640 0.527778 0.104728 0.527526 0.102572 0.529401 0.103720 0.531780 0.105736 0.533776 0.108788 0.534401 0.111672 0.532283
0 0.084988 0.560503 0.091316 0.562153 0.095684 0.561632 0.095964 0.560417 0.093136 0.557726 0.087620 0.557118 0.085436 0.557986 0.083420 0.558941
0 0.307756 0.561979 0.307756 0.560590 0.306944 0.559896 0.305544 0.560156 0.304424 0.560590 0.303808 0.561458 0.304760 0.562760 0.306244 0.563628 0.307644 0.563628 0.307924 0.562934
