0 0.017780 0.567569 0.020748 0.566181 0.023744 0.564097 0.022680 0.561667 0.019180 0.561233 0.014952 0.560885 0.013384 0.562101 0.012768 0.564792
0 0.296520 0.545937 0.298620 0.545313 0.299152 0.542708 0.297584 0.541771 0.294840 0.541771 0.293776 0.543438 0.293160 0.544896
0 0.406896 0.571632 0.408380 0.569201 0.407428 0.566597 0.405048 0.565295 0.405048 0.565295 0.403116 0.566163 0.402864 0.568854 0.403200 0.570677
0 0.716968 0.549948 0.718704 0.545634 0.715204 0.543906 0.713244 0.545200 0.712600 0.549089
0 0.743708 0.581267 0.746872 0.580017 0.745808 0.576892 0.742448 0.577101 0.741804 0.579184
0 0.754880 0.561267 0.756756 0.559497 0.756140 0.555955 0.752864 0.555747 0.751912 0.558976
0 0.668864 0.575955 0.669592 0.572101 0.667072 0.571684 0.665084 0.573247 0.665616 0.575226
0 0.843080 0.579410 0.845852 0.576406 0.843836 0.574410 0.841568 0.574905 0.841568 0.576910
0 0.980448 0.560122 0.984088 0.559036 0.985908 0.555434 0.982632 0.553637 0.980084 0.554540 0.978628 0.555799
0 0.655144 0.616649 0.657692 0.615087 0.658028 0.613872 0.656628 0.613177 0.654360 0.613090 0.653128 0.613785 0.652596 0.614479 0.653380 0.616736
