0 0.118036 0.528073 0.116104 0.528073 0.114872 0.529288 0.115936 0.530937 0.117504 0.531024 0.119184 0.529896
0 0.127080 0.482587 0.125764 0.482760 0.125596 0.484149 0.126632 0.485365 0.128032 0.484844 0.128564 0.483889 0.128396 0.482847
0 0.587680 0.554661 0.585692 0.556102 0.585888 0.560243 0.587876 0.563663 0.591152 0.563481 0.591516 0.559523 0.590956 0.556285 0.589864 0.554661
0 0.580428 0.480868 0.579700 0.484644 0.582248 0.487344 0.584768 0.486441 0.585692 0.483385 0.583704 0.480686
0 0.579140 0.475104 0.580596 0.472587 0.578972 0.467908 0.576060 0.467543 0.574968 0.470243 0.575500 0.473307
0 0.563684 0.558628 0.566764 0.557908 0.569144 0.560425 0.567492 0.564748 0.564580 0.566363 0.561864 0.567083 0.560408 0.563481 0.561696 0.560781
0 0.592244 0.446840 0.592048 0.442708 0.589332 0.442708 0.587876 0.445408 0.586224 0.446667 0.588604 0.449184 0.590788 0.449722
0 0.617892 0.454766 0.615344 0.456024 0.615540 0.459080 0.618256 0.460703 0.620608 0.460703 0.621168 0.457465 0.620076 0.454401
0 0.602800 0.564297 0.604060 0.562795 0.603556 0.560043 0.601008 0.559297 0.598992 0.560417 0.599496 0.562665 0.600504 0.564670
0 0.615540 0.554792 0.617304 0.554045 0.616436 0.551293 0.614168 0.552040 0.613160 0.553542 0.614784 0.554167
0 0.723144 0.580625 0.725440 0.579931 0.726392 0.578108 0.725972 0.575243 0.724040 0.575503 0.723144 0.576892 0.722276 0.578281
0 0.892964 0.575946 0.897360 0.577812 0.899236 0.582786 0.895484 0.582786 0.892320 0.579679
0 0.730984 0.579479 0.733000 0.578264 0.733364 0.576094 0.731432 0.574792 0.728968 0.575226 0.727568 0.577396 0.728884 0.578611
0 0.736164 0.565937 0.739048 0.563681 0.740112 0.558993 0.738460 0.556476 0.735128 0.555694 0.733084 0.557865 0.731936 0.561250 0.733364 0.563681
