1 0.898360 0.508238 0.900572 0.507613 0.901356 0.505885 0.900572 0.504783 0.898024 0.504783 0.896120 0.505408 0.895000 0.506667 0.896120 0.507457
1 0.864648 0.535885 0.865348 0.534497 0.865964 0.531806 0.866048 0.530156 0.865964 0.528333 0.864648 0.528247 0.864284 0.529983 0.864116 0.532413 0.863584 0.533108 0.862884 0.533108 0.861736 0.534757 0.862016 0.535451 0.862968 0.535972
1 0.862296 0.518186 0.862744 0.516016 0.862744 0.514280 0.861596 0.514106 0.860112 0.514366 0.859384 0.514453 0.859384 0.515408 0.860112 0.516797 0.860812 0.517578 0.861428 0.518012
1 0.852888 0.514314 0.854092 0.515616 0.855156 0.516311 0.856024 0.516398 0.855968 0.514748 0.855968 0.514314 0.855772 0.514141 0.855408 0.513967 0.854092 0.513880
1 0.853840 0.520911 0.854540 0.519870 0.854540 0.519175 0.854540 0.518134 0.854540 0.517352 0.853840 0.517439 0.853224 0.518394 0.852776 0.519609 0.852272 0.520651 0.851908 0.522040 0.852608 0.521780 0.852776 0.521432
1 0.857872 0.522569 0.859804 0.521519 0.860336 0.520833 0.859384 0.520399 0.858152 0.520486 0.857620 0.519878 0.856668 0.519531 0.856136 0.519783 0.855856 0.521007 0.856472 0.522569 0.856920 0.523255
1 0.853476 0.528741 0.855492 0.528220 0.856556 0.527786 0.855660 0.526658 0.855240 0.526311 0.854876 0.525964 0.854708 0.525530 0.854092 0.525269 0.853308 0.526050 0.852692 0.527092 0.851908 0.528481
1 0.861120 0.537179 0.859468 0.536389 0.858068 0.537517 0.857368 0.538915 0.856920 0.540217 0.857452 0.541597 0.859300 0.542205 0.860700 0.541163 0.861932 0.539167
1 0.856416 0.534722 0.856500 0.533854 0.856416 0.532031 0.856416 0.531250 0.856220 0.531163 0.854652 0.530903 0.853084 0.531250 0.852552 0.531597 0.852468 0.533420 0.854820 0.535156
1 0.874308 0.536163 0.873692 0.534913 0.871536 0.534167 0.869884 0.533168 0.869380 0.533168 0.868120 0.532795 0.867224 0.533168 0.867000 0.536163 0.867616 0.537917 0.869520 0.538663 0.871900 0.538663 0.873300 0.538663
