0 0.890796 0.558516 0.888472 0.559870 0.888808 0.561120 0.891020 0.562578 0.893652 0.562786 0.894688 0.558932
0 0.826592 0.552865 0.822812 0.553212 0.823232 0.554948 0.824828 0.558073 0.830708 0.558594 0.830428 0.552951
0 0.767820 0.567309 0.767092 0.570226 0.767288 0.574184 0.769192 0.572934 0.770228 0.570226 0.769808 0.568142
0 0.628464 0.555677 0.626896 0.556406 0.625524 0.558385 0.625944 0.560781 0.628156 0.562031 0.629724 0.562448 0.631852 0.562969 0.631852 0.557656 0.628576 0.554948
0 0.305512 0.563542 0.302236 0.565269 0.301368 0.568724 0.305288 0.571536 0.307892 0.571319 0.308592 0.567274 0.307892 0.563802
0 0.317300 0.569375 0.315984 0.570243 0.314444 0.571753 0.315536 0.573047 0.317944 0.573047 0.319484 0.571536 0.319484 0.570668
0 0.329144 0.556493 0.328640 0.557274 0.327800 0.558767 0.328696 0.560069 0.329900 0.561024 0.331888 0.559705 0.331776 0.556840
0 0.289776 0.561667 0.288236 0.563281 0.288628 0.564792 0.290056 0.564878 0.291540 0.564358 0.291792 0.562708 0.291260 0.562014
0 0.265444 0.571745 0.263260 0.572786 0.262896 0.573828 0.265360 0.575738 0.267740 0.573915 0.267992 0.572873 0.267740 0.571745
0 0.255336 0.543420 0.252900 0.544983 0.252900 0.548108 0.254916 0.549045 0.257744 0.549358 0.259872 0.548837 0.259536 0.546024 0.258080 0.543733
0 0.123428 0.585608 0.120796 0.586042 0.119676 0.586823 0.119928 0.588125 0.122224 0.589514 0.124660 0.589514 0.125640 0.588559
1 0.140648 0.587266 0.138744 0.587891 0.139584 0.589661 0.141796 0.589349 0.142440 0.587474
0 0.057544 0.550460 0.052476 0.552283 0.050880 0.554627 0.049480 0.558273 0.049928 0.563220 0.052560 0.564957 0.060624 0.565911 0.064404 0.564957 0.066672 0.561398 0.067988 0.554019 0.063592 0.551241
