0 0.974088 0.564271 0.980304 0.562448 0.979968 0.556892 0.977252 0.555156 0.973920 0.555243 0.972072 0.556632 0.970504 0.559931 0.971540 0.563316
0 0.739924 0.525955 0.736676 0.529167 0.736480 0.531163 0.739476 0.533316 0.740708 0.533750 0.742640 0.533490 0.743704 0.528802
0 0.649736 0.526910 0.648252 0.527691 0.647888 0.528819 0.648952 0.529774 0.649988 0.530122 0.650968 0.529601 0.651304 0.528038 0.650884 0.527257
0 0.603508 0.522483 0.606140 0.523438 0.606504 0.522222 0.606588 0.520486 0.605608 0.519184 0.603676 0.519444 0.603060 0.520920
0 0.522616 0.551293 0.523764 0.552682 0.523848 0.554592 0.523428 0.555547 0.521748 0.556068 0.519900 0.554852 0.519984 0.552595 0.520348 0.551727
0 0.493496 0.559462 0.494812 0.558854 0.494980 0.559549 0.494728 0.560503 0.494196 0.561545 0.493860 0.562500 0.492964 0.562847 0.492544 0.561892 0.492544 0.560677
0 0.475016 0.525868 0.473364 0.525955 0.473000 0.526910 0.473784 0.528299 0.474680 0.529080 0.475268 0.529253 0.475996 0.527083
0 0.416636 0.536241 0.415152 0.536849 0.414116 0.537630 0.413304 0.538411 0.412884 0.539627 0.413500 0.541276 0.414200 0.542057 0.416748 0.541884 0.419268 0.540234 0.418064 0.537370
1 0.298084 0.530130 0.294808 0.530781 0.294808 0.533802 0.298952 0.534453 0.299820 0.533160
0 0.211956 0.541675 0.209772 0.542630 0.210108 0.545234 0.211592 0.546450 0.213804 0.546623 0.215652 0.545495 0.214952 0.540547
1 0.190340 0.532387 0.187484 0.533429 0.186448 0.538741 0.188324 0.539887 0.192216 0.539262 0.193168 0.535825
