0 0.057636 0.523056 0.059764 0.522795 0.060100 0.520712 0.058168 0.519844 0.056684 0.520885 0.056516 0.522448
0 0.221436 0.488733 0.223844 0.490191 0.223844 0.492170 0.223228 0.493524 0.220484 0.493524 0.218916 0.492899 0.217544 0.491024 0.217544 0.489462 0.218048 0.489045
0 0.275812 0.536589 0.277128 0.535547 0.277996 0.534158 0.277464 0.531814 0.275532 0.531285 0.273432 0.532248 0.272564 0.533889 0.272900 0.535460
0 0.326268 0.518628 0.327836 0.519045 0.329628 0.518524 0.329936 0.517274 0.327724 0.516649 0.325820 0.516962
0 0.319520 0.495955 0.321704 0.496128 0.322572 0.495781 0.323188 0.494306 0.319240 0.493438 0.318008 0.493872
0 0.608060 0.548333 0.611056 0.550330 0.610440 0.552153 0.609740 0.554323 0.608508 0.555538 0.606212 0.555712 0.601760 0.554688 0.600416 0.550851 0.602264 0.549288 0.604896 0.548333
0 0.640512 0.554922 0.640876 0.555356 0.641296 0.556484 0.641296 0.557179 0.641296 0.557786 0.640512 0.557960 0.639560 0.557092 0.638328 0.555964 0.637712 0.555703 0.637012 0.555009 0.637264 0.554488 0.637796 0.554488
0 0.641044 0.553620 0.641912 0.553967 0.642528 0.553967 0.643508 0.553793 0.643312 0.552405 0.641212 0.551102 0.640344 0.552231
0 0.658628 0.532760 0.661680 0.532760 0.663668 0.532344 0.663584 0.530573 0.660616 0.529531 0.659468 0.529531
0 0.585044 0.533281 0.585772 0.532448 0.585576 0.531302 0.584092 0.530365 0.582300 0.531198 0.582412 0.532240
7 0.632644 0.267274 0.954812 0.276997 0.952908 0.362292 0.629312 0.353125
