0 0.023664 0.554280 0.024448 0.557127 0.029432 0.558681 0.031812 0.555573 0.031812 0.550903 0.026548 0.550391
0 0.421404 0.533915 0.422328 0.536076 0.425576 0.537700 0.426864 0.534635 0.425576 0.532656 0.422860 0.532656
0 0.423784 0.525095 0.424120 0.527439 0.426668 0.527613 0.427396 0.525095 0.425576 0.522934
0 0.422496 0.544896 0.422496 0.546875 0.425576 0.547413 0.426304 0.543993 0.424512 0.543273
0 0.556672 0.549905 0.557260 0.551406 0.560004 0.550200 0.559248 0.548255 0.557876 0.548255
0 0.560760 0.540304 0.561208 0.541649 0.563196 0.541354 0.563952 0.539549 0.561824 0.538056
0 0.567284 0.546267 0.567424 0.547352 0.568936 0.548403 0.569860 0.547352 0.570000 0.545252 0.568040 0.545556
7 0.178952 0.376363 0.182732 0.291641 0.508988 0.303585 0.507112 0.387934
0 0.322200 0.576033 0.322564 0.578733 0.325280 0.578012 0.325112 0.575495 0.323292 0.575139
0 0.565800 0.580139 0.568908 0.580139 0.569272 0.583559 0.565800 0.584635 0.564904 0.581936
