0 0.070784 0.543290 0.072240 0.544913 0.076244 0.544913 0.077140 0.543116 0.073696 0.541493
0 0.066780 0.529792 0.070588 0.530330 0.069860 0.526736 0.066948 0.527274
0 0.125636 0.523689 0.129584 0.525764 0.132692 0.522135 0.127960 0.521875
0 0.149996 0.543906 0.154168 0.543906 0.154168 0.540278 0.150752 0.539757
0 0.127960 0.544687 0.131908 0.545460 0.131124 0.542092 0.129024 0.542092
0 0.209972 0.557127 0.214928 0.555312 0.213108 0.551944 0.210476 0.552717
0 0.221480 0.537943 0.224364 0.538984 0.228312 0.538464 0.227780 0.535356 0.223580 0.534835
0 0.228564 0.525503 0.233548 0.526797 0.236404 0.523689 0.233016 0.523429 0.230384 0.523429
0 0.174104 0.563837 0.178276 0.565399 0.178808 0.560208 0.174888 0.560208
0 0.155232 0.550104 0.159964 0.551918 0.160748 0.547509 0.157332 0.546476
0 0.124936 0.558924 0.128408 0.560443 0.129724 0.558064 0.126896 0.556120
0 0.315840 0.539062 0.321188 0.540000 0.322140 0.535026 0.318668 0.535026
0 0.411404 0.557413 0.415492 0.557726 0.415492 0.553064 0.411404 0.554306
0 0.561960 0.530608 0.566944 0.533984 0.568260 0.531910 0.566412 0.528281 0.563528 0.528281
0 0.896364 0.487865 0.897904 0.488082 0.901628 0.490243 0.904008 0.488082 0.901824 0.485920 0.897036 0.485486
