0 0.074488 0.546233 0.075356 0.544983 0.075552 0.544045 0.074908 0.543212 0.074068 0.542795 0.072612 0.542483 0.070624 0.542691 0.068188 0.544149 0.067880 0.544462 0.068076 0.545087 0.068720 0.545920 0.070400 0.546545 0.072416 0.546545
0 0.853896 0.515833 0.853896 0.514167 0.853476 0.512917 0.852832 0.512292 0.851460 0.512917 0.850536 0.513646 0.849024 0.514583 0.848940 0.516354 0.850116 0.517396 0.852720 0.517622
1 0.677720 0.547517 0.678476 0.547969 0.678784 0.548568 0.678784 0.549470 0.678644 0.551562 0.678476 0.553967 0.678196 0.555165 0.677580 0.556970 0.676964 0.555017 0.676516 0.553064 0.675900 0.550365 0.675760 0.549167 0.675900 0.548715
1 0.676824 0.542769 0.676208 0.541641 0.675424 0.541380 0.674724 0.541641 0.674276 0.543030 0.675060 0.544245 0.676040 0.545200 0.677188 0.544592
1 0.558300 0.546988 0.558720 0.545859 0.558636 0.544644 0.558552 0.544297 0.558188 0.543863 0.558020 0.543689 0.556788 0.543950 0.556088 0.544557 0.555752 0.545252 0.555388 0.546120 0.555752 0.546901 0.556368 0.547335
1 0.561520 0.559583 0.560428 0.556345 0.558244 0.552891 0.557376 0.552457 0.554100 0.552240 0.552364 0.552457 0.551048 0.553325 0.551048 0.554835 0.551272 0.557214 0.551468 0.557422 0.551468 0.557422 0.551468 0.557422 0.551468 0.557422 0.552140 0.558290 0.554324 0.559366 0.557796 0.560451 0.560848 0.560451
1 0.544860 0.556918 0.544776 0.556484 0.544608 0.555703 0.543740 0.555877 0.543208 0.557092 0.543544 0.558568 0.544356 0.560043 0.547156 0.560564 0.548808 0.560304 0.551272 0.560217 0.551636 0.560217 0.551720 0.559870 0.551020 0.558394 0.548556 0.558134 0.547324 0.558394 0.545924 0.558047
1 0.547352 0.550477 0.547268 0.548655 0.547184 0.546571 0.546820 0.545616 0.544804 0.543620 0.544552 0.543359 0.543852 0.544575 0.543936 0.546311 0.544188 0.547439 0.545504 0.549089 0.546932 0.550217
1 0.542368 0.553255 0.542368 0.551519 0.542368 0.549609 0.541920 0.548394 0.540968 0.548394 0.540856 0.550043 0.540856 0.551432 0.541136 0.553516 0.541836 0.554644 0.542620 0.554123
1 0.550096 0.550260 0.551664 0.549913 0.552644 0.549219 0.552896 0.548698 0.552448 0.547830 0.551580 0.547483 0.551048 0.547483 0.550516 0.548003 0.550096 0.548872 0.550012 0.549306
1 0.539960 0.545122 0.539960 0.542413 0.540072 0.538872 0.539960 0.536788 0.538812 0.537830 0.537104 0.540434 0.535732 0.541267 0.534388 0.542205 0.534052 0.543142 0.535536 0.544184 0.537020 0.545122 0.538280 0.545642
