6 0.506512 0.334323 0.721664 0.339219 0.720684 0.408993 0.505532 0.404097
0 0.195880 0.545720 0.196888 0.544965 0.196748 0.542092 0.195740 0.541345 0.194228 0.541215 0.192464 0.541840 0.191960 0.543464 0.192828 0.545217 0.194088 0.546589
0 0.442644 0.532188 0.441356 0.531563 0.440096 0.531354 0.438724 0.531771 0.437884 0.532500 0.438948 0.534271 0.440096 0.534792 0.442224 0.534375 0.442420 0.533229
0 0.580852 0.545460 0.580852 0.544080 0.579620 0.542856 0.578920 0.542248 0.577072 0.542170 0.576204 0.543906 0.576120 0.545460 0.576988 0.547457 0.578388 0.548498 0.579788 0.547891 0.580656 0.546328
0 0.466304 0.591684 0.466836 0.590017 0.466528 0.588767 0.465688 0.588351 0.463672 0.587934 0.462188 0.587830 0.461684 0.588455 0.462524 0.591163 0.463252 0.592413 0.465156 0.592726
0 0.488144 0.599392 0.489460 0.598785 0.490608 0.596788 0.490356 0.595486 0.489824 0.594705 0.488144 0.594792 0.486240 0.596441 0.485344 0.597830 0.485960 0.599132
0 0.460396 0.553377 0.461348 0.552153 0.461432 0.550773 0.460900 0.550078 0.460312 0.550078 0.458548 0.550773 0.457680 0.551641 0.458380 0.552847
0 0.457708 0.560330 0.457960 0.560156 0.458408 0.558420 0.458324 0.557813 0.457708 0.557639 0.456840 0.558507 0.455692 0.559549 0.455608 0.560590 0.456140 0.561111 0.456924 0.561198
0 0.817144 0.566797 0.819076 0.567144 0.820140 0.566970 0.820644 0.565842 0.820224 0.565061 0.819776 0.564627 0.818040 0.564366 0.816612 0.564714 0.815996 0.565582 0.816108 0.566276
1 0.760472 0.575373 0.759968 0.574418 0.759436 0.574158 0.758652 0.576155 0.759268 0.577109 0.760388 0.577543 0.760920 0.577109 0.761004 0.576415
1 0.014552 0.582639 0.015084 0.581250 0.015000 0.580208 0.014748 0.580122 0.013600 0.580642 0.012732 0.581510 0.012620 0.582552 0.013432 0.583073
