0 0.021416 0.522187 0.023320 0.522083 0.023964 0.521042 0.022788 0.519062 0.022704 0.518333 0.021416 0.517917 0.020268 0.518437 0.018896 0.519479 0.017748 0.522083 0.018168 0.522604 0.020156 0.522917
1 0.107460 0.533229 0.107264 0.531875 0.106200 0.531563 0.103680 0.532396 0.102644 0.532708 0.102420 0.533438 0.103484 0.535312 0.106004 0.535729 0.107264 0.535521
1 0.227748 0.505156 0.226908 0.504635 0.225648 0.504531 0.224276 0.504635 0.223548 0.505156 0.223128 0.506094 0.223856 0.507240 0.225228 0.507448 0.227020 0.507344 0.227860 0.506823
0 0.029732 0.554566 0.032140 0.556215 0.035780 0.555295 0.035528 0.551997 0.033372 0.549167 0.030488 0.548863 0.027884 0.551997
1 0.512844 0.503741 0.521496 0.507474 0.537344 0.511580 0.548292 0.512700 0.552800 0.512326 0.555824 0.508594 0.556188 0.503741 0.551288 0.503741 0.543364 0.503368 0.532080 0.503741 0.524520 0.504115
0 0.823588 0.575694 0.823588 0.575087 0.823168 0.574045 0.822552 0.573698 0.821152 0.573785 0.820452 0.575087 0.820956 0.576042 0.821768 0.576476
1 0.836832 0.553212 0.837028 0.552431 0.837280 0.551042 0.837028 0.550434 0.835796 0.551128 0.834816 0.551997 0.834564 0.553299 0.835432 0.553559
1 0.844224 0.575217 0.847136 0.574089 0.849152 0.572214 0.849264 0.570720 0.847892 0.569844 0.845232 0.570720 0.843972 0.572092 0.843328 0.573967
1 0.819696 0.551458 0.821992 0.550521 0.822412 0.548542 0.821992 0.546875 0.820116 0.547083 0.818324 0.548437 0.817792 0.549896
1 0.860380 0.530226 0.861780 0.531441 0.862928 0.531875 0.864860 0.531441 0.864860 0.529705 0.864076 0.528576 0.862144 0.528316
1 0.838400 0.528646 0.839716 0.528038 0.840584 0.527344 0.840864 0.526736 0.840668 0.526389 0.839632 0.526215 0.838736 0.526302 0.838036 0.526736 0.837868 0.527257 0.837784 0.528038
1 0.873540 0.532066 0.873540 0.530851 0.872644 0.530069 0.871076 0.529809 0.869676 0.530243 0.869144 0.530851 0.869760 0.532240 0.871412 0.532847
