0 0.258672 0.562622 0.259848 0.560668 0.260156 0.557526 0.260016 0.556918 0.258504 0.556623 0.256684 0.557674 0.255172 0.559470 0.254556 0.561719 0.256404 0.562474
0 0.293672 0.537873 0.295632 0.536519 0.295940 0.534870 0.295184 0.533819 0.293364 0.533672 0.291096 0.534722 0.289724 0.536519 0.290648 0.538021
0 0.198556 0.552248 0.199788 0.550165 0.198920 0.547821 0.198472 0.547648 0.196904 0.547474 0.195924 0.547821 0.195140 0.549036 0.195056 0.551207 0.195840 0.552595 0.197408 0.552856
0 0.109936 0.561727 0.112680 0.559957 0.113212 0.558707 0.111420 0.557769 0.110160 0.557977 0.108032 0.558811 0.107416 0.559332 0.107528 0.561311
1 0.226948 0.547188 0.227676 0.548854 0.227144 0.551146 0.225996 0.552604 0.223896 0.553125 0.223364 0.552813 0.223476 0.550000 0.224960 0.548333
1 0.733608 0.524314 0.737528 0.522943 0.739040 0.520694 0.737892 0.520191 0.734616 0.519444 0.733076 0.520816 0.732824 0.522691
0 0.545168 0.522656 0.546232 0.521528 0.545868 0.520486 0.545448 0.519878 0.544636 0.519271 0.543852 0.519444 0.543152 0.520660 0.542732 0.522049 0.543320 0.523003
0 0.843312 0.562951 0.845496 0.563307 0.846588 0.562049 0.847120 0.560425 0.846784 0.559167 0.844404 0.557187 0.842584 0.557005 0.840960 0.557726 0.840400 0.559705 0.840960 0.561510
0 0.735344 0.574488 0.737108 0.574392 0.739376 0.574358 0.739376 0.572352 0.737108 0.571476 0.736100 0.571354 0.734840 0.572231 0.734084 0.573229
0 0.317892 0.545469 0.319740 0.543472 0.319488 0.542691 0.318340 0.542431 0.317108 0.542622 0.316240 0.544097 0.316128 0.545399 0.317472 0.545556
