0 0.639192 0.549002 0.641180 0.547370 0.641180 0.545738 0.640200 0.544106 0.638884 0.543785 0.636560 0.544106 0.635244 0.545738 0.635244 0.548342 0.636560 0.549653
1 0.233500 0.497205 0.231960 0.496068 0.230056 0.495694 0.228908 0.496641 0.228348 0.499089 0.230644 0.501545 0.233500 0.501727 0.236552 0.501354 0.238064 0.499653 0.235768 0.499280
1 0.435016 0.567726 0.436136 0.566085 0.436444 0.564774 0.435996 0.562917 0.434344 0.563359 0.433252 0.564670 0.432580 0.566745
1 0.439244 0.577491 0.440140 0.573776 0.439580 0.572031 0.436948 0.570825 0.436164 0.571918 0.435828 0.574974 0.437144 0.576832
1 0.851460 0.444714 0.843984 0.445191 0.837488 0.445191 0.832392 0.445347 0.829060 0.445816 0.828724 0.443776 0.831916 0.443299 0.837488 0.442517 0.844152 0.441884 0.847960 0.441415 0.849864 0.440781 0.851768 0.440781 0.852104 0.441259 0.851768 0.442674
1 0.822900 0.444774 0.822284 0.443646 0.821248 0.443212 0.820716 0.443646 0.820184 0.445382 0.821136 0.445729 0.822368 0.445208
1 0.702808 0.551684 0.704292 0.550538 0.704376 0.549497 0.702696 0.546997 0.701856 0.546580 0.700176 0.545642 0.699224 0.546059 0.698804 0.548455 0.700064 0.550747
1 0.692700 0.543976 0.690796 0.543142 0.688696 0.543663 0.687436 0.544184 0.687324 0.545642 0.689956 0.546267 0.692588 0.545642
1 0.657280 0.542257 0.655124 0.541007 0.653360 0.540877 0.649440 0.541250 0.649048 0.543125 0.651596 0.544757 0.655264 0.544878
1 0.671812 0.536753 0.670048 0.535755 0.668144 0.537127 0.668648 0.539002 0.671420 0.539757 0.673184 0.539002
1 0.648852 0.517101 0.647816 0.514063 0.642692 0.511302 0.641796 0.511675 0.641684 0.513550 0.643952 0.515929 0.646668 0.517969
1 0.726076 0.511354 0.723668 0.510148 0.721988 0.510304 0.721400 0.511502 0.721988 0.514349 0.725628 0.514800 0.730948 0.515252 0.735176 0.513602 0.738368 0.511502 0.742456 0.508655 0.743212 0.507448 0.742148 0.507005 0.737752 0.507005 0.734896 0.507604 0.732908 0.509705 0.729884 0.510451 0.728512 0.510451
