1 0.342400 0.546198 0.339768 0.545573 0.337752 0.545677 0.336716 0.547240 0.337136 0.548594 0.340496 0.548802 0.342932 0.547760
1 0.347860 0.535365 0.347552 0.533802 0.345564 0.533698 0.344080 0.534740 0.344080 0.537552 0.346180 0.538281 0.348392 0.537135
1 0.353348 0.529002 0.350576 0.528125 0.348672 0.528125 0.348056 0.529375 0.348672 0.531250 0.350436 0.532500 0.353600 0.532248 0.355224 0.530252
1 0.342400 0.556944 0.341868 0.554965 0.339320 0.555330 0.338396 0.557491 0.341504 0.558030
1 0.346544 0.552821 0.345648 0.551562 0.343268 0.551389 0.342540 0.554089 0.345452 0.554983
1 0.345004 0.541372 0.346460 0.541632 0.348140 0.540503 0.348588 0.539635 0.347272 0.538941 0.345424 0.538767 0.344108 0.539201
1 0.336184 0.555425 0.338312 0.555078 0.339796 0.552561 0.337584 0.551345 0.334868 0.551606 0.334000 0.553082
1 0.331312 0.550260 0.331900 0.547925 0.331816 0.546788 0.330584 0.545920 0.327448 0.546094 0.327000 0.547743 0.329268 0.549479
1 0.359312 0.530937 0.358192 0.530677 0.356960 0.531458 0.356596 0.532847 0.358360 0.533628 0.359508 0.533021
1 0.356176 0.535538 0.354860 0.534323 0.353180 0.534062 0.351248 0.534757 0.350548 0.536927 0.353460 0.538056 0.355196 0.537622 0.356092 0.537014
1 0.354580 0.545069 0.352760 0.542908 0.350240 0.541285 0.348588 0.540564 0.346768 0.542370 0.350968 0.546866 0.354216 0.547752
1 0.351136 0.549913 0.349848 0.547951 0.348392 0.546866 0.346236 0.547405 0.345872 0.548663 0.347860 0.551528 0.350408 0.552066
1 0.339460 0.534549 0.338760 0.533854 0.338060 0.533160 0.337192 0.532639 0.335428 0.532292 0.334112 0.532986 0.335540 0.534115 0.337108 0.535069
