1 0.753700 0.564227 0.754036 0.563264 0.753420 0.561797 0.752636 0.563108 0.751768 0.563872 0.752468 0.564922
1 0.758124 0.564861 0.759272 0.564601 0.760056 0.563212 0.759048 0.563108 0.757872 0.562865 0.757256 0.563385 0.756724 0.564601 0.757144 0.565122
1 0.757816 0.560339 0.758628 0.559470 0.758712 0.558255 0.758628 0.556866 0.758180 0.556345 0.756948 0.556085 0.756164 0.556693 0.755548 0.557648 0.755800 0.559210 0.755800 0.560165
1 0.749332 0.562882 0.750704 0.560278 0.751320 0.558715 0.752160 0.556319 0.751628 0.555799 0.751012 0.555486 0.749416 0.556632 0.747960 0.557465 0.747120 0.557882 0.747008 0.559132 0.746700 0.561319 0.746588 0.563194 0.747736 0.564132 0.748800 0.563924
1 0.739728 0.548212 0.738132 0.547257 0.736648 0.546649 0.735332 0.546736 0.734380 0.547604 0.734548 0.548472 0.735584 0.548993 0.737628 0.549253
1 0.744096 0.554549 0.744908 0.553594 0.745944 0.551684 0.745860 0.551076 0.744292 0.551076 0.741464 0.552118 0.740064 0.552813 0.741128 0.553247 0.742696 0.553854
1 0.745188 0.558385 0.744124 0.557691 0.743788 0.556910 0.742640 0.556215 0.741492 0.556215 0.740260 0.557083 0.739476 0.559167 0.739924 0.560469 0.740792 0.561076 0.743424 0.560208
1 0.735444 0.544462 0.733428 0.544375 0.732364 0.544549 0.731244 0.545156 0.731328 0.545677 0.734744 0.546111 0.735808 0.545937
1 0.733736 0.555816 0.732420 0.555729 0.731104 0.556250 0.730404 0.557292 0.731188 0.559201 0.733316 0.559115 0.734100 0.558073
1 0.736592 0.553906 0.736060 0.553472 0.735164 0.553299 0.734548 0.554080 0.734996 0.554861 0.735444 0.555469 0.735976 0.555816 0.736592 0.555729 0.737096 0.555382 0.737376 0.554688
1 0.744768 0.573464 0.743116 0.573090 0.741604 0.573464 0.741352 0.575469 0.742752 0.575720 0.744628 0.574470
1 0.753168 0.573281 0.751152 0.573177 0.750004 0.574010 0.750004 0.575365 0.751992 0.575990 0.753056 0.574948
1 0.752552 0.566319 0.750872 0.565799 0.747008 0.567135 0.745020 0.568941 0.743816 0.569540 0.747904 0.570738 0.751404 0.569983 0.755436 0.568056
1 0.755128 0.552049 0.753532 0.551354 0.752132 0.551181 0.751964 0.552483 0.753448 0.554740 0.754848 0.554566 0.755380 0.553611
1 0.751684 0.546641 0.753700 0.546814 0.754764 0.545859 0.754232 0.544644 0.753000 0.544297 0.751600 0.544731
1 0.740764 0.541181 0.739532 0.540660 0.737600 0.540486 0.736536 0.540486 0.736284 0.541788 0.739616 0.544045 0.740484 0.543438
