0 0.535196 0.520425 0.533180 0.519306 0.531276 0.519054 0.528112 0.522552 0.528112 0.523932 0.529120 0.525556 0.531780 0.526181 0.534188 0.525182 0.535196 0.522300
0 0.532900 0.503550 0.530884 0.503056 0.529624 0.504427 0.530520 0.505807 0.532648 0.505929 0.533180 0.504800
0 0.525704 0.504427 0.524584 0.503429 0.522680 0.503429 0.520412 0.504306 0.520916 0.506432 0.523548 0.507057
0 0.202500 0.514748 0.202500 0.512491 0.201800 0.511450 0.200036 0.511884 0.199336 0.514314 0.200652 0.515964
0 0.201408 0.489436 0.204012 0.489740 0.205524 0.489141 0.205048 0.487639 0.203704 0.486137 0.202024 0.484635 0.200372 0.484184 0.198692 0.484939 0.198244 0.487483
0 0.077760 0.512101 0.074932 0.510642 0.072832 0.510538 0.071152 0.511372 0.071348 0.513455 0.074708 0.515017
7 0.142748 0.258073 0.470488 0.273003 0.468612 0.358845 0.138212 0.343168
0 0.523016 0.521745 0.521196 0.520547 0.519236 0.520243 0.517108 0.520851 0.516940 0.522196 0.518452 0.524748 0.520888 0.526094 0.524220 0.525347
0 0.543596 0.528125 0.540012 0.526892 0.537632 0.526892 0.536904 0.528333 0.537632 0.530139 0.540516 0.531033 0.545164 0.529774
0 0.543036 0.523177 0.539788 0.522049 0.538724 0.522309 0.538276 0.523438 0.538808 0.525000 0.540208 0.526042 0.542420 0.526736 0.543372 0.526649 0.543904 0.525087 0.543652 0.524219
0 0.530548 0.530842 0.530016 0.529974 0.528980 0.528932 0.527580 0.528064 0.526348 0.528064 0.526264 0.530148 0.527300 0.531276 0.528364 0.532057 0.529764 0.531884
