0 0.297856 0.577552 0.299144 0.579757 0.301664 0.579601 0.302000 0.577708 0.300236 0.576458
0 0.306984 0.566884 0.307796 0.568854 0.311380 0.568194 0.310036 0.565312 0.308048 0.565312
0 0.372140 0.566042 0.373876 0.567778 0.375612 0.567778 0.376116 0.565729 0.373092 0.564627
0 0.407000 0.524332 0.408260 0.526215 0.411592 0.526059 0.411452 0.523073 0.407952 0.521814
0 0.485736 0.557431 0.487024 0.559071 0.488396 0.558438 0.488676 0.556710 0.486744 0.556528
6 0.539356 0.365425 0.539580 0.295234 0.756944 0.299540 0.755796 0.369280
0 0.622096 0.578411 0.623188 0.580122 0.625036 0.580512 0.625036 0.578151 0.623328 0.577370
0 0.626240 0.571337 0.627136 0.573438 0.627556 0.573568 0.629124 0.572517 0.628088 0.570816
0 0.895152 0.581658 0.895628 0.583542 0.898176 0.584175 0.898652 0.582760 0.898008 0.581189
0 0.966356 0.555503 0.966944 0.558715 0.971312 0.559089 0.972852 0.555694 0.969800 0.555130
