0 0.513908 0.592309 0.515140 0.595304 0.517856 0.593359 0.516484 0.591406
0 0.620000 0.528828 0.621204 0.529878 0.623780 0.529575 0.623780 0.526875 0.620588 0.527778
0 0.430636 0.559965 0.434276 0.561762 0.437188 0.561042 0.437188 0.557977 0.431364 0.557622
0 0.714136 0.567309 0.715592 0.569644 0.719232 0.569462 0.718868 0.564965 0.715396 0.564783
0 0.674124 0.562448 0.675916 0.566042 0.679752 0.564783 0.677204 0.560642
0 0.617956 0.538030 0.619188 0.539679 0.621120 0.539071 0.620672 0.537595 0.618824 0.536293
0 0.742528 0.578637 0.742528 0.580512 0.746308 0.580885 0.746812 0.578516
0 0.832464 0.592552 0.831960 0.594306 0.833724 0.595677 0.835264 0.594800 0.834872 0.592300
0 0.963504 0.567500 0.962748 0.570347 0.964876 0.570799 0.966836 0.570347 0.965632 0.567196
0 0.983216 0.560747 0.983804 0.561797 0.987136 0.561944 0.986548 0.559549 0.983496 0.558802
0 0.976692 0.576111 0.976384 0.577257 0.978288 0.578194 0.979436 0.577986 0.979660 0.575903 0.978596 0.575590
