0 0.223632 0.378446 0.224528 0.379401 0.225396 0.379835 0.226628 0.379401 0.226880 0.378186 0.224248 0.377405
0 0.864888 0.486615 0.866848 0.492439 0.869480 0.495903 0.873848 0.496979 0.874688 0.493958 0.870992 0.488767 0.868388 0.485747
0 0.011728 0.425677 0.012372 0.428056 0.013996 0.428550 0.015900 0.428299 0.015508 0.426181 0.013632 0.425174
0 0.009208 0.438924 0.008704 0.441675 0.011476 0.441424 0.013492 0.437674
0 0.019568 0.430677 0.020184 0.427431 0.022228 0.422431 0.023992 0.420556 0.023740 0.425052 0.023740 0.427431 0.023740 0.431806 0.023740 0.435174 0.019316 0.435052 0.017552 0.434549 0.015004 0.435174 0.013884 0.435425 0.014640 0.433056 0.014500 0.430929 0.015256 0.430425 0.016656 0.431927 0.018308 0.432431
0 0.151812 0.438915 0.152540 0.441727 0.154976 0.440477 0.155704 0.436727 0.155592 0.434019 0.153268 0.435269
0 0.088364 0.432057 0.088532 0.434314 0.088812 0.434488 0.090660 0.433186 0.090464 0.431189
0 0.120900 0.477622 0.121880 0.479184 0.123280 0.479878 0.125128 0.479531 0.124512 0.477622 0.123364 0.476667 0.121628 0.476233
0 0.224052 0.424297 0.225984 0.428811 0.224584 0.432196 0.227048 0.433585 0.228980 0.432283 0.228980 0.429071 0.226600 0.424731
0 0.232564 0.454679 0.234496 0.456936 0.235728 0.457457 0.237044 0.456155 0.234860 0.453464
0 0.214672 0.442526 0.214952 0.444523 0.217220 0.445130 0.217668 0.444436 0.217304 0.442526
0 0.229960 0.380443 0.229960 0.382700 0.230912 0.382700 0.232592 0.381745 0.232060 0.379661
