1 0.168232 0.523906 0.169492 0.525278 0.172152 0.523906 0.171760 0.521406 0.170388 0.521901
1 0.173020 0.529167 0.173636 0.531293 0.175540 0.530417 0.174280 0.527917
1 0.176940 0.535538 0.178452 0.537161 0.180720 0.536415 0.179824 0.534418 0.177948 0.534792
1 0.194244 0.527543 0.193852 0.529913 0.195868 0.529792 0.198276 0.528542 0.197884 0.526667
1 0.227452 0.526380 0.229888 0.529236 0.231400 0.527135 0.230336 0.525182
1 0.240780 0.522335 0.242012 0.525634 0.244420 0.526832 0.245960 0.525330 0.242628 0.520087 0.241396 0.515729 0.239268 0.517682
1 0.238680 0.502830 0.238232 0.507179 0.241396 0.509280 0.241704 0.506285 0.243972 0.506285 0.245204 0.507934 0.246856 0.507031 0.246100 0.502830 0.245344 0.499679 0.242768 0.503585 0.241564 0.504036
1 0.226556 0.519427 0.227676 0.520929 0.230084 0.519427 0.227956 0.518299
1 0.253436 0.520790 0.253184 0.523637 0.255788 0.524418 0.257104 0.520530
1 0.264692 0.526493 0.266260 0.529340 0.270208 0.527786 0.270208 0.523377 0.267576 0.524931
1 0.265224 0.551042 0.263880 0.555243 0.266736 0.556441 0.268864 0.552839
1 0.277656 0.538741 0.278720 0.541892 0.280372 0.541441 0.280848 0.538741
1 0.328168 0.541241 0.331612 0.541962 0.333432 0.541059 0.331780 0.538542 0.328700 0.538359
1 0.331416 0.555278 0.329792 0.563203 0.329792 0.566441 0.331780 0.569505 0.335084 0.564644 0.335616 0.553299
1 0.343428 0.551319 0.344716 0.555104 0.346340 0.558160 0.348160 0.561762 0.350176 0.560686 0.348720 0.559063 0.348720 0.557083 0.348160 0.553663 0.346704 0.550061 0.346536 0.544479 0.343624 0.548082
1 0.352164 0.534219 0.352892 0.537283 0.356364 0.534401 0.357988 0.531701 0.356532 0.529358 0.357624 0.524141 0.355636 0.527023
1 0.359976 0.539444 0.363616 0.540703 0.367088 0.541597 0.369272 0.539080 0.363252 0.537101 0.358156 0.537101
1 0.370896 0.536918 0.375096 0.537101 0.375628 0.535304 0.370364 0.534401
1 0.396124 0.533108 0.399400 0.532023 0.399596 0.529688 0.396320 0.530043
1 0.411776 0.555964 0.411776 0.557405 0.412868 0.558845 0.414688 0.555964 0.413960 0.554523
1 0.420680 0.543542 0.422136 0.546424 0.421772 0.548229 0.419588 0.553984 0.420680 0.556684 0.422864 0.553446 0.425944 0.552370 0.427596 0.548403 0.425216 0.545703 0.422864 0.541207
1 0.428324 0.539766 0.429416 0.544627 0.430704 0.547509 0.433056 0.545885 0.432860 0.543003 0.431600 0.539583
1 0.428324 0.555781 0.427792 0.558307 0.429780 0.559028 0.432692 0.556146 0.430508 0.554887
1 0.450528 0.548767 0.449072 0.552543 0.450696 0.554705 0.453608 0.554887 0.455232 0.553446 0.453608 0.549661
1 0.447784 0.545885 0.451984 0.546424 0.453244 0.542821 0.447056 0.541562 0.445600 0.543186
1 0.466880 0.543542 0.471248 0.548767 0.469792 0.551649 0.468896 0.560104 0.471080 0.564609 0.473796 0.560469 0.473796 0.554887 0.475084 0.548403 0.468336 0.541562
1 0.487992 0.544262 0.493816 0.548229 0.498912 0.553628 0.504372 0.564783 0.506892 0.566224 0.506528 0.561189 0.503448 0.554887 0.499808 0.548767 0.495076 0.544983 0.490540 0.541389
1 0.481804 0.541562 0.489084 0.540668 0.493452 0.538689 0.494712 0.533828 0.485612 0.534905 0.480516 0.535990 0.481636 0.539766
1 0.419728 0.542161 0.423564 0.539097 0.427372 0.539462 0.428296 0.537300 0.422640 0.535677 0.419000 0.538559
1 0.450472 0.518576 0.451564 0.520920 0.453384 0.519844 0.452488 0.517135
1 0.456660 0.528116 0.459572 0.529384 0.461560 0.527222 0.462848 0.523255 0.458312 0.525781
1 0.449380 0.528116 0.451928 0.530278 0.453216 0.529740 0.451928 0.525964
1 0.456296 0.557101 0.459936 0.563220 0.463016 0.567717 0.468112 0.571137 0.470660 0.575278 0.465592 0.573481 0.461756 0.568438 0.456128 0.563403 0.453748 0.556918
1 0.457388 0.542882 0.457388 0.544497 0.458116 0.549002 0.460664 0.554401 0.461224 0.555477 0.463744 0.552422 0.461392 0.549722 0.459040 0.544323
1 0.498856 0.541623 0.501964 0.546302 0.505240 0.550616 0.507956 0.557821 0.512688 0.561241 0.515236 0.556918 0.512128 0.547917 0.507228 0.541076 0.498324 0.536042
1 0.508516 0.537300 0.511064 0.539635 0.513780 0.541441 0.516860 0.541441 0.519240 0.539097 0.515600 0.535321 0.509412 0.532439 0.507228 0.535677
1 0.495776 0.531536 0.498856 0.527760 0.502496 0.521823 0.502496 0.515521 0.494684 0.519661 0.493956 0.522543 0.493228 0.529201
1 0.480684 0.531901 0.481048 0.532083 0.484296 0.530278 0.486676 0.526675 0.488860 0.521458 0.485416 0.516241 0.479760 0.520017 0.483596 0.522899 0.481776 0.527040 0.479592 0.529201
1 0.483960 0.555477 0.489056 0.561597 0.492500 0.561241 0.493228 0.557639 0.486676 0.553142 0.484856 0.552595
1 0.469204 0.534601 0.470856 0.539635 0.472480 0.542161 0.475028 0.549002 0.478668 0.549722 0.478136 0.545399 0.474300 0.537483 0.471220 0.533698
1 0.523972 0.532257 0.532680 0.529740 0.541612 0.524340 0.551244 0.513715 0.553792 0.504722 0.549256 0.503819 0.546512 0.509219 0.533800 0.519661 0.528872 0.526502
1 0.536880 0.536215 0.543068 0.531901 0.545980 0.527943 0.539960 0.529201 0.534528 0.532083 0.531952 0.536398 0.531952 0.539097 0.538700 0.541623 0.541416 0.542161 0.544888 0.539462 0.539596 0.537483
1 0.549620 0.535677 0.552336 0.534236 0.553960 0.532622 0.559252 0.528837 0.559420 0.534062 0.556872 0.536215 0.552504 0.538203 0.547800 0.537839
1 0.519240 0.542700 0.519772 0.544861 0.522880 0.544323 0.522880 0.540903
1 0.509412 0.507960 0.505968 0.501476 0.513416 0.499141 0.518316 0.502196 0.516496 0.509939 0.513780 0.511736 0.512520 0.511736
1 0.570900 0.536215 0.572524 0.539280 0.575268 0.540356 0.577620 0.540538 0.578180 0.537118 0.576528 0.532257 0.571264 0.530998
1 0.561436 0.556016 0.561072 0.557101 0.562164 0.558715 0.564348 0.558177 0.563788 0.555660
1 0.567624 0.564479 0.569444 0.565738 0.572888 0.565382 0.573812 0.561962 0.571068 0.561597
1 0.591620 0.529375 0.594728 0.528116 0.597444 0.531901 0.597276 0.535503 0.592908 0.535677 0.591816 0.530998
1 0.586188 0.551884 0.587084 0.553498 0.588708 0.552778 0.588176 0.550799
1 0.582716 0.551701 0.582716 0.550616 0.583444 0.547917 0.585068 0.546120 0.583276 0.543056 0.580896 0.546302 0.579440 0.549358
1 0.597808 0.545399 0.598368 0.549002 0.601280 0.549540 0.604556 0.547561 0.603268 0.545755 0.601084 0.547196
1 0.613992 0.538741 0.615448 0.537300 0.618920 0.536936 0.621272 0.536398 0.620180 0.535139 0.616008 0.533698 0.614188 0.535677
1 0.601280 0.532804 0.605452 0.532804 0.610184 0.529557 0.610184 0.525417 0.607272 0.526137 0.605088 0.528663 0.603268 0.529740
1 0.590360 0.527396 0.595624 0.523802 0.601280 0.517135 0.603464 0.510660 0.608196 0.505799 0.601812 0.508498 0.594364 0.514618 0.596548 0.509219 0.596548 0.503464 0.591088 0.502196 0.591256 0.517500 0.591088 0.523976
1 0.612732 0.530816 0.617996 0.530278 0.621104 0.530460 0.626564 0.525417 0.625640 0.522717 0.621832 0.527222 0.620180 0.524696 0.618724 0.522543 0.614188 0.526858
1 0.622364 0.519297 0.623820 0.519844 0.626900 0.520017 0.630736 0.520017 0.632920 0.518576 0.638016 0.514262 0.639108 0.509583 0.632556 0.514983 0.625640 0.516424
1 0.629644 0.543238 0.634376 0.543238 0.631464 0.546302 0.637092 0.546476 0.639640 0.542344 0.637288 0.538741 0.636728 0.535677 0.633116 0.538924
1 0.639108 0.529019 0.638744 0.525061 0.636000 0.518038 0.629280 0.527222 0.633284 0.532977 0.635468 0.526319
1 0.642748 0.536215 0.646920 0.536215 0.651484 0.531719 0.651820 0.527040 0.646920 0.529019 0.647116 0.530278
1 0.650028 0.537483 0.651484 0.540182 0.653668 0.539818 0.654732 0.537300 0.651092 0.535859
1 0.654396 0.535503 0.658008 0.534783 0.659856 0.532977 0.658372 0.530816 0.656188 0.532083 0.654564 0.533516
1 0.655096 0.529922 0.661116 0.526319 0.663832 0.522179 0.664756 0.517682 0.664756 0.514436 0.661480 0.516241 0.660192 0.520017 0.658008 0.523620
1 0.602372 0.498602 0.605088 0.494462 0.607804 0.498056 0.604556 0.499323
1 0.616372 0.506163 0.622364 0.500043 0.625276 0.494462 0.622196 0.494462 0.619088 0.497700 0.617072 0.502196
1 0.612368 0.496979 0.613992 0.496979 0.620544 0.495356 0.622728 0.493559 0.621636 0.492483 0.615084 0.494097 0.609988 0.495182
1 0.672764 0.536762 0.675480 0.537839 0.678392 0.535321 0.676404 0.533160 0.672932 0.533880
1 0.679680 0.525417 0.687128 0.517682 0.686400 0.510842 0.683320 0.509939 0.681472 0.516597 0.676040 0.520920
1 0.674024 0.544141 0.674752 0.551163 0.676040 0.551701 0.679848 0.543958 0.678392 0.539097
1 0.680212 0.535503 0.683124 0.536936 0.686400 0.536936 0.686764 0.532804 0.682592 0.533160
1 0.692756 0.521823 0.693484 0.529740 0.695864 0.530642 0.701492 0.528481 0.699504 0.523438 0.701324 0.517318 0.700232 0.512821 0.697124 0.514618 0.694408 0.517856 0.692028 0.518220
1 0.704936 0.548099 0.705496 0.553316 0.706056 0.555660 0.702024 0.561962 0.702416 0.569158 0.706952 0.564661 0.708772 0.561241 0.715128 0.557457 0.713504 0.547917 0.708408 0.542882
1 0.661312 0.554219 0.662572 0.547561 0.659464 0.544497 0.657840 0.549722 0.657280 0.551701 0.658736 0.555842
1 0.721148 0.538559 0.724760 0.536580 0.723864 0.532439 0.719496 0.534783
1 0.742596 0.536398 0.747496 0.532977 0.744780 0.527040 0.737500 0.534236 0.737864 0.535321
1 0.742960 0.551163 0.739880 0.546658 0.735512 0.543776 0.735680 0.548637 0.735680 0.549540 0.734784 0.553142 0.737136 0.559800 0.731872 0.562856 0.730584 0.556380 0.728400 0.557821 0.723864 0.559983 0.725320 0.557639 0.721148 0.555304 0.722240 0.553863 0.725684 0.549896 0.724956 0.540538 0.730052 0.540356 0.731144 0.545399 0.732600 0.543238 0.734784 0.538924 0.738956 0.540182 0.744780 0.544861 0.745340 0.549175
1 0.721512 0.503099 0.724592 0.509219 0.727336 0.514436 0.732040 0.513359 0.728792 0.508142 0.724956 0.502561
1 0.734224 0.511016 0.736044 0.503819 0.735512 0.497161 0.730948 0.505260 0.731676 0.507595 0.733860 0.516059
1 0.738424 0.506337 0.742232 0.509939 0.743520 0.513177 0.739516 0.522717 0.744976 0.522179 0.744780 0.516780 0.745704 0.514262 0.748616 0.513177 0.741504 0.504722 0.741140 0.502743
1 0.771296 0.536884 0.777848 0.538177 0.777568 0.532734 0.766060 0.533255 0.757940 0.537917 0.767376 0.544661 0.771548 0.541033 0.767376 0.538438
1 0.757940 0.553472 0.752704 0.551918 0.754272 0.548290 0.756876 0.550104
1 0.789104 0.540512 0.790672 0.543880 0.791988 0.545694 0.796972 0.546997 0.798008 0.542326 0.791988 0.539731
1 0.763176 0.570061 0.763428 0.565139 0.767096 0.567726 0.767096 0.570061
1 0.755588 0.578611 0.756092 0.582500 0.757940 0.583542 0.762112 0.577604 0.758192 0.574731
1 0.805092 0.548290 0.805596 0.554505 0.809012 0.558655 0.813212 0.561510 0.812932 0.556580 0.809796 0.549063
1 0.804812 0.540512 0.806660 0.539479 0.810048 0.538958 0.808228 0.534549 0.801424 0.539731
1 0.894664 0.553472 0.893096 0.560729 0.894916 0.572656 0.900180 0.571615 0.900432 0.565911 0.900432 0.557101 0.898584 0.552951
1 0.886292 0.567214 0.877892 0.562543 0.877892 0.552691 0.877892 0.545434 0.882092 0.551137 0.884444 0.558142 0.885480 0.564097
1 0.830488 0.542066 0.835724 0.539479 0.832336 0.533516 0.828668 0.536363
1 0.824720 0.532474 0.830488 0.526519 0.831804 0.514852 0.828668 0.506554 0.824188 0.518481 0.827352 0.527031
1 0.820548 0.516927 0.820548 0.516927 0.824468 0.509670 0.822368 0.504227 0.814500 0.508628 0.818168 0.513811
1 0.814248 0.526519 0.815564 0.522370 0.815312 0.516406 0.815312 0.512257 0.817132 0.504227 0.815032 0.500859 0.811112 0.509670 0.812680 0.517448 0.811644 0.525998
1 0.816124 0.542630 0.817328 0.544731 0.818224 0.545330 0.820660 0.543828 0.817468 0.542031
1 0.832420 0.564479 0.835136 0.564479 0.837432 0.564479 0.841520 0.563585 0.839252 0.562830 0.833344 0.562682
1 0.823796 0.568455 0.828332 0.567856 0.827268 0.564253 0.821836 0.566207
1 0.909392 0.541710 0.912276 0.545009 0.914404 0.543516 0.912136 0.539766
1 0.610688 0.557917 0.610688 0.557917 0.607636 0.558993 0.605452 0.565043 0.614412 0.568498 0.620292 0.568932 0.622896 0.565260 0.612424 0.561155 0.607636 0.554245
1 0.621608 0.562882 0.619620 0.561372 0.615924 0.554670 0.617240 0.553594 0.624212 0.560720 0.627488 0.562448 0.629000 0.560069 0.625304 0.553811 0.624212 0.547543 0.625080 0.547326 0.629000 0.547760 0.634460 0.552083 0.629672 0.553377 0.629672 0.553377 0.632276 0.556832 0.631408 0.564392 0.626396 0.566337 0.624632 0.565469
1 0.977712 0.550547 0.978328 0.544010 0.980848 0.545877 0.985244 0.545877 0.987456 0.551476 0.990592 0.548681 0.987764 0.544010 0.987120 0.534679 0.984320 0.531884 0.980232 0.539036 0.982108 0.542769 0.974240 0.543082 0.972980 0.551476
1 0.288464 0.536345 0.288660 0.539583 0.290844 0.540304 0.292104 0.538863 0.291376 0.535807
1 0.026104 0.528524 0.027644 0.531979 0.030052 0.532274 0.031564 0.528229 0.029296 0.526580
1 0.037332 0.531675 0.038228 0.533481 0.040216 0.533325 0.041420 0.530781 0.038396 0.529427
1 0.045200 0.549531 0.045984 0.554028 0.049008 0.554931 0.051136 0.551024 0.047776 0.548177
1 0.045984 0.531675 0.048252 0.533030 0.052032 0.532431 0.048700 0.529427
1 0.015772 0.530842 0.016528 0.533212 0.018656 0.532587 0.018404 0.529965
1 0.113100 0.530069 0.114612 0.532326 0.117496 0.531571 0.116600 0.529323
1 0.120996 0.534427 0.122200 0.536675 0.124020 0.536675 0.124916 0.534722 0.121892 0.533220
1 0.144488 0.527075 0.144320 0.529922 0.146756 0.530373 0.148884 0.528724 0.146616 0.526172
1 0.150844 0.533976 0.152048 0.536372 0.154652 0.536224 0.154932 0.533672 0.151292 0.532925
1 0.160532 0.540851 0.162100 0.545000 0.165768 0.546814 0.168372 0.545000 0.162884 0.539809
1 0.120408 0.523559 0.120660 0.526675 0.124076 0.525373 0.126428 0.522005 0.127996 0.517856 0.121976 0.518116 0.121976 0.520972
1 0.139000 0.522266 0.141884 0.524340 0.145020 0.521745 0.143452 0.517856 0.138468 0.519410
