7 0.501204 0.352743 0.499692 0.268385 0.822560 0.267266 0.824072 0.354236
0 0.728928 0.518220 0.730580 0.519479 0.734752 0.520017 0.735480 0.516424 0.730748 0.516962
0 0.732764 0.506163 0.734024 0.507778 0.735116 0.508142 0.737860 0.506163 0.736768 0.502917 0.731840 0.502023
0 0.743124 0.503464 0.740408 0.509939 0.740408 0.514080 0.743488 0.513898 0.744216 0.509583 0.745476 0.503819
0 0.758440 0.534262 0.761100 0.536137 0.763368 0.535642 0.763256 0.533637 0.761604 0.531641 0.759700 0.531892
0 0.842888 0.556476 0.843812 0.558420 0.845772 0.558273 0.845464 0.555269 0.844120 0.554974
0 0.874416 0.520026 0.877468 0.521076 0.878980 0.519123 0.878056 0.517326 0.880352 0.514470 0.882900 0.514470 0.879428 0.512075 0.876404 0.514323 0.875480 0.517326
0 0.939824 0.523854 0.943268 0.523420 0.942820 0.521771 0.940888 0.521076 0.938872 0.522031
0 0.956148 0.536701 0.957660 0.537396 0.959928 0.536788 0.959312 0.534965 0.956848 0.534792 0.955896 0.535312
0 0.949876 0.512925 0.953320 0.511128 0.951528 0.509505 0.948616 0.510226
