1 0.579244 0.509219 0.580336 0.512283 0.581960 0.513359 0.584340 0.512639 0.584508 0.509757 0.581792 0.507595
1 0.497232 0.523420 0.502860 0.527925 0.508684 0.528281 0.508488 0.523602 0.501964 0.520365
1 0.489784 0.519097 0.490848 0.522517 0.493592 0.522700 0.493956 0.519097
1 0.523048 0.515139 0.524504 0.518924 0.525960 0.522700 0.531952 0.527925 0.534332 0.526840 0.529964 0.521623 0.526688 0.516762
1 0.535256 0.518924 0.538868 0.521085 0.541248 0.521085 0.537972 0.516398 0.534696 0.515321
1 0.520500 0.535122 0.518680 0.537283 0.521228 0.539800 0.524336 0.537283
1 0.473572 0.530078 0.481412 0.530078 0.481944 0.528637 0.472676 0.526302
1 0.557796 0.531345 0.562724 0.529358 0.568884 0.530625 0.565076 0.532960 0.560540 0.533498
1 0.625472 0.534705 0.628496 0.532951 0.634320 0.532951 0.634320 0.535330 0.636700 0.534453 0.636700 0.532326 0.639864 0.532075 0.642384 0.532700 0.647928 0.533698 0.649468 0.531450 0.645156 0.530703 0.640620 0.530200 0.634936 0.530078 0.626592 0.530451 0.625472 0.532075
1 0.685840 0.535703 0.687100 0.537448 0.690516 0.538950 0.693176 0.537075 0.692532 0.534453 0.689004 0.533828
1 0.651736 0.546580 0.656160 0.544826 0.656524 0.542448 0.662460 0.540955 0.665904 0.537830 0.663860 0.535703 0.658820 0.539201 0.656776 0.537951 0.652128 0.539826 0.650476 0.543576
1 0.624968 0.522205 0.626872 0.525825 0.628496 0.528203 0.631268 0.528455 0.632556 0.525825 0.632024 0.523203 0.631156 0.520825
1 0.658176 0.553828 0.654396 0.554575 0.655404 0.557075 0.656300 0.558073 0.659436 0.555573
1 0.673716 0.524957 0.674080 0.526953 0.676236 0.526953 0.677244 0.525573 0.675984 0.524080
1 0.634572 0.503698 0.635944 0.506701 0.638492 0.507326 0.640116 0.506198 0.641012 0.503455 0.637960 0.503455
1 0.679652 0.535052 0.679652 0.535573 0.681136 0.536441 0.682536 0.535660 0.682536 0.534444 0.681584 0.534010
1 0.670720 0.534661 0.671140 0.536832 0.673520 0.536571 0.674052 0.534575 0.673268 0.534314
1 0.731424 0.554618 0.731424 0.552865 0.732432 0.551363 0.734084 0.551988 0.732432 0.553863 0.732432 0.555113
1 0.715380 0.540851 0.718292 0.543351 0.719188 0.543741 0.719916 0.541476 0.718404 0.539974
1 0.816572 0.541641 0.816376 0.537674 0.819484 0.535339 0.824916 0.536415 0.825280 0.539479 0.820744 0.541641
1 0.843844 0.550998 0.844936 0.553333 0.846224 0.555495 0.850396 0.557118 0.851124 0.550816 0.848016 0.548299
1 0.813464 0.530833 0.815844 0.529939 0.817832 0.525260 0.810748 0.525616 0.810748 0.529401
1 0.806912 0.548116 0.810916 0.548837 0.814388 0.545417 0.814192 0.542717 0.810552 0.543976 0.808564 0.546137
1 0.779080 0.538889 0.778772 0.539939 0.775888 0.542040 0.778772 0.543689 0.782244 0.543845 0.784092 0.540391
1 0.661872 0.513047 0.664728 0.512448 0.666856 0.509896 0.665960 0.507049 0.663216 0.509002 0.660808 0.508247 0.659436 0.511250
1 0.569416 0.514800 0.570312 0.518403 0.574512 0.518941 0.574680 0.515156 0.573616 0.513542
