0 0.327096 0.510113 0.335104 0.508524 0.336028 0.502413 0.330764 0.502188 0.325976 0.506944
0 0.338324 0.500599 0.342440 0.503090 0.345856 0.500373 0.342888 0.498342 0.338996 0.497882
0 0.347004 0.517361 0.353192 0.517361 0.357084 0.516675 0.349748 0.513056
0 0.322980 0.519627 0.328468 0.520530 0.331240 0.516910 0.327572 0.515998 0.322980 0.516910
0 0.320012 0.532986 0.321160 0.534792 0.324352 0.534340 0.323680 0.530720
0 0.318864 0.501285 0.320460 0.503316 0.323456 0.503090 0.322980 0.498793 0.320236 0.497205
0 0.308336 0.505990 0.309428 0.508828 0.311640 0.508064 0.311640 0.505226 0.310212 0.505122
0 0.313404 0.503047 0.314076 0.506207 0.316260 0.505443 0.316932 0.503811
0 0.308980 0.498672 0.310100 0.500208 0.312200 0.499436 0.310100 0.497691
0 0.315420 0.520026 0.315784 0.521753 0.317716 0.522031 0.318640 0.520573 0.318080 0.519392
0 0.296212 0.503663 0.297528 0.506502 0.299628 0.505738 0.298620 0.502682
0 0.302820 0.503116 0.303156 0.504974 0.305816 0.504653 0.305368 0.502248
