0 0.342796 0.589280 0.344280 0.590738 0.345960 0.590946 0.347108 0.589384 0.345316 0.587092 0.343020 0.588134
0 0.320592 0.532760 0.324540 0.535156 0.329552 0.535304 0.330616 0.532005 0.327592 0.529306 0.323784 0.529010 0.321068 0.530061
0 0.305192 0.550859 0.306144 0.553116 0.308692 0.552769 0.308440 0.550165
0 0.322608 0.552075 0.323112 0.556823 0.327788 0.556580 0.328936 0.552448 0.326136 0.550573
0 0.517376 0.602656 0.517824 0.604757 0.519812 0.604757 0.521464 0.603559 0.520876 0.602205 0.519196 0.602057
0 0.916460 0.507023 0.919624 0.507031 0.920884 0.503281 0.918980 0.502526 0.915452 0.504905
0 0.916208 0.500026 0.919624 0.498030 0.921136 0.495156 0.921892 0.493906 0.920632 0.492656 0.917216 0.495530 0.914556 0.497656
0 0.911028 0.515530 0.910776 0.518281 0.913184 0.519531 0.914556 0.517405 0.912176 0.514653
0 0.905596 0.488030 0.906604 0.490530 0.908620 0.489653 0.909376 0.486649 0.911028 0.484401 0.909516 0.483151 0.907108 0.485903
0 0.903692 0.502153 0.904224 0.503655 0.906100 0.502899 0.907360 0.500781 0.904700 0.500026
0 0.899996 0.511328 0.900808 0.512891 0.902460 0.511675 0.903356 0.509592 0.902628 0.507856 0.901312 0.509245
