0 0.246788 0.522578 0.248300 0.524089 0.250596 0.523151 0.249252 0.519748
0 0.428312 0.543524 0.430020 0.547491 0.434584 0.547865 0.435732 0.543151 0.431728 0.541259
0 0.504724 0.452804 0.507216 0.458012 0.511584 0.457335 0.512732 0.452127 0.509512 0.448047 0.506768 0.448958
0 0.522812 0.473889 0.523512 0.475538 0.525780 0.475451 0.525976 0.473802 0.524744 0.472847 0.523232 0.472847
0 0.511080 0.486016 0.509764 0.488446 0.510996 0.490095 0.513432 0.489314 0.513628 0.486797
0 0.493804 0.454323 0.493888 0.455799 0.495456 0.455538 0.497136 0.455017 0.495456 0.453542
0 0.496240 0.440130 0.496576 0.442387 0.499740 0.442648 0.499040 0.439783
0 0.515196 0.468238 0.515280 0.471189 0.518444 0.471710 0.519312 0.469800 0.517212 0.465894
0 0.482996 0.529054 0.484984 0.532509 0.488232 0.531866 0.488680 0.529922 0.487812 0.526033 0.483668 0.526467
0 0.462304 0.543368 0.463592 0.546493 0.465972 0.546241 0.466112 0.543116
0 0.632376 0.526285 0.633440 0.528872 0.639992 0.529392 0.637108 0.524210
0 0.591524 0.573194 0.596228 0.574497 0.600176 0.571380 0.598076 0.569054 0.593372 0.569306
