0 0.559384 0.552578 0.559384 0.551102 0.559804 0.549974 0.561568 0.549887 0.559300 0.548585 0.558236 0.549366 0.557788 0.551363 0.557172 0.553099 0.557620 0.554054 0.558768 0.553707
0 0.570948 0.556163 0.570948 0.555035 0.571396 0.554080 0.570864 0.552604 0.569268 0.553733 0.568680 0.556684 0.569800 0.556944
0 0.566384 0.549063 0.562968 0.550017 0.561316 0.551580 0.562184 0.553056 0.564732 0.552882 0.565600 0.551753
0 0.562352 0.547500 0.564368 0.547500 0.565880 0.545851 0.564732 0.544722 0.561568 0.546024
0 0.568316 0.560035 0.568932 0.561597 0.570500 0.562031 0.571032 0.559861 0.569100 0.558993
0 0.573132 0.545885 0.572600 0.547188 0.574448 0.547535 0.576016 0.546667 0.575400 0.545365
0 0.565684 0.554826 0.565936 0.556823 0.567252 0.557170 0.568400 0.555521 0.567420 0.554045
0 0.574420 0.554210 0.575316 0.556215 0.577136 0.555686 0.577668 0.553429 0.576100 0.553429
0 0.587580 0.553220 0.592732 0.552014 0.594384 0.547370 0.591808 0.546172 0.587272 0.548420 0.585004 0.551267
0 0.318612 0.418889 0.319984 0.420694 0.323484 0.420990 0.324072 0.418741 0.320908 0.416944
0 0.334684 0.423394 0.337400 0.424896 0.337708 0.423689 0.337708 0.422040 0.335300 0.421441
0 0.339024 0.417474 0.342664 0.419479 0.346080 0.416979 0.344316 0.413351 0.339640 0.412604
2 0.426776 0.430460 0.433860 0.429418 0.441980 0.434861 0.447216 0.435382 0.451416 0.427604 0.443296 0.430200 0.436996 0.423715 0.428092 0.425790
2 0.035840 0.414444 0.043260 0.414227 0.044996 0.411641 0.041076 0.409045 0.037352 0.411207
