0 0.780312 0.441727 0.781964 0.442422 0.783280 0.441033 0.781852 0.439844
2 0.898948 0.432578 0.906228 0.430234 0.911128 0.429696 0.910232 0.433116 0.906032 0.435816 0.899676 0.436892
0 0.722016 0.554080 0.725684 0.553576 0.727840 0.551953 0.727588 0.550200 0.724032 0.550200 0.721148 0.552205
0 0.793556 0.429141 0.794340 0.429661 0.795404 0.429488 0.795488 0.427491 0.794956 0.425929 0.793808 0.427231
0 0.788208 0.426710 0.789524 0.428273 0.790560 0.427057 0.789244 0.425321
0 0.787648 0.433611 0.792856 0.434366 0.796244 0.433116 0.795880 0.431111 0.792716 0.430113 0.787536 0.430365
0 0.787648 0.442491 0.786892 0.440616 0.787284 0.437865 0.790196 0.436615 0.791064 0.437865 0.790056 0.442743
0 0.796748 0.439366 0.797756 0.440486 0.799268 0.440738 0.800556 0.439115 0.800024 0.437491 0.798008 0.438116
0 0.807864 0.435391 0.809600 0.436432 0.810580 0.437561 0.812148 0.437908 0.812596 0.436953 0.812148 0.436085 0.810300 0.435304
0 0.797140 0.431484 0.798904 0.432005 0.800668 0.430964 0.799688 0.429401 0.796888 0.429488
0 0.777596 0.434957 0.778996 0.436432 0.780228 0.436172 0.780228 0.434783 0.778716 0.433828
