11 0.878352 0.546224 0.888488 0.545781 0.888488 0.543524 0.876980 0.544427
1 0.843380 0.544193 0.845648 0.542066 0.845900 0.540443 0.846656 0.538689 0.847916 0.540443 0.847916 0.541814 0.846768 0.544436 0.844752 0.545564
1 0.824928 0.542943 0.823780 0.541814 0.824424 0.541441 0.827336 0.541693 0.827700 0.543316 0.827448 0.545313 0.826328 0.545937 0.823668 0.546311 0.821120 0.545686 0.818236 0.544939 0.819496 0.543941 0.822772 0.544436
0 0.712004 0.567708 0.713992 0.569661 0.716708 0.568455 0.717464 0.565460 0.715812 0.564557 0.712620 0.566207
1 0.741320 0.540842 0.740956 0.537786 0.742412 0.536528 0.745492 0.539410 0.745688 0.540304 0.743672 0.542821
1 0.576316 0.536936 0.576428 0.538811 0.578584 0.539314 0.579592 0.538811 0.579452 0.536311
1 0.738268 0.542057 0.738576 0.541016 0.739108 0.540495 0.739948 0.540807 0.740704 0.543516 0.738072 0.544453
1 0.705648 0.543411 0.707104 0.541224 0.707440 0.538516 0.710912 0.539245 0.713208 0.543516 0.708812 0.544141
1 0.668492 0.542101 0.670060 0.539184 0.671852 0.537205 0.673756 0.538351 0.675324 0.539705 0.677648 0.540017 0.678488 0.539913 0.680588 0.538663 0.681652 0.536684 0.683332 0.536580 0.684172 0.538455 0.683528 0.540538 0.682688 0.541892 0.677956 0.542517 0.673420 0.542726 0.669864 0.543351
1 0.656032 0.541068 0.657124 0.538498 0.659728 0.536745 0.662136 0.538689 0.662360 0.540851 0.657544 0.542795
1 0.641808 0.542014 0.640072 0.538776 0.644216 0.536181 0.646400 0.537266 0.646176 0.541797 0.643572 0.543741
1 0.608180 0.540590 0.609496 0.538602 0.610812 0.536606 0.612660 0.535382 0.616076 0.534948 0.618428 0.534340 0.619576 0.535469 0.618176 0.538073
1 0.586676 0.539549 0.588356 0.540156 0.590904 0.539462 0.591772 0.538073 0.591856 0.538073 0.590624 0.537118 0.588356 0.537292 0.586676 0.538333
1 0.569036 0.534549 0.572116 0.534115 0.573768 0.533767 0.573516 0.532726 0.570604 0.532726 0.568672 0.532726
1 0.563408 0.537986 0.564500 0.540686 0.567412 0.541406 0.570128 0.540321 0.570856 0.537804 0.569764 0.535825 0.569400 0.535825 0.565760 0.534740
1 0.532496 0.541406 0.537592 0.541406 0.539748 0.539965 0.539216 0.537439 0.536136 0.539427 0.531936 0.540148
1 0.521016 0.540148 0.525216 0.538707 0.528660 0.536007 0.528492 0.533125 0.525748 0.534740 0.521744 0.537622
1 0.483188 0.537266 0.485008 0.535104 0.486828 0.534028 0.487556 0.535825 0.486996 0.537622 0.482824 0.539601
1 0.440264 0.539427 0.444436 0.539965 0.446620 0.537266 0.444996 0.536007 0.441524 0.536901 0.438808 0.537083
0 0.376480 0.535009 0.375864 0.536962 0.377852 0.537856 0.380568 0.537561 0.381800 0.535009 0.379364 0.532908 0.378300 0.534705
1 0.949248 0.544644 0.949976 0.543186 0.951348 0.541727 0.952076 0.540269 0.954708 0.539540 0.956080 0.540373 0.954596 0.542457 0.952916 0.544123 0.950704 0.545894
1 0.931440 0.543498 0.933652 0.544332 0.935332 0.543082 0.934604 0.541415 0.931132 0.542144
