1 0.569824 0.477457 0.572680 0.480920 0.574108 0.481701 0.579204 0.482804 0.587632 0.482960 0.591748 0.479028 0.588584 0.476667 0.582368 0.476988 0.576180 0.475729 0.569824 0.474158
1 0.585280 0.495269 0.585168 0.497127 0.587940 0.497674 0.588388 0.495486 0.587044 0.494175
1 0.580324 0.499349 0.581444 0.499175 0.582508 0.499349 0.581976 0.496571 0.577944 0.496658
1 0.570580 0.497352 0.572148 0.499349 0.574612 0.498134 0.574248 0.495703
1 0.578476 0.503516 0.579680 0.504644 0.581528 0.502821 0.579960 0.500825
1 0.579876 0.493212 0.579624 0.494514 0.580856 0.495043 0.583124 0.492439
1 0.568844 0.494002 0.569348 0.494948 0.571280 0.494175 0.572092 0.493741 0.571196 0.491910 0.569908 0.493142
1 0.596984 0.484887 0.597264 0.487057 0.599000 0.487318 0.600400 0.486623 0.598832 0.484887
1 0.581724 0.490269 0.584020 0.489835 0.584020 0.488872 0.579456 0.487491
1 0.575620 0.489844 0.577384 0.490885 0.578420 0.489497 0.576152 0.487240
1 0.598608 0.482639 0.600540 0.483247 0.600540 0.481684 0.597740 0.479514
1 0.593344 0.496007 0.595360 0.495747 0.596844 0.495660 0.596592 0.494878 0.596424 0.493924 0.595892 0.492535 0.595528 0.493663 0.595192 0.494705 0.593596 0.495313
1 0.604740 0.487387 0.606588 0.487387 0.606588 0.485217 0.604488 0.483299
1 0.604572 0.483125 0.605972 0.482951 0.606420 0.481311 0.604824 0.478446
1 0.581752 0.486719 0.582872 0.486111 0.583488 0.485069 0.579988 0.484288
1 0.586232 0.489549 0.588332 0.490590 0.588416 0.489375 0.586848 0.487205
