0 0.270460 0.518707 0.270460 0.521849 0.273960 0.521849 0.274856 0.519453 0.273652 0.516753
0 0.225156 0.512405 0.226668 0.514201 0.228628 0.515104 0.229692 0.515104 0.231512 0.514054 0.230000 0.511649 0.226976 0.511050
0 0.452068 0.532873 0.453524 0.534670 0.456072 0.534670 0.457528 0.533056 0.457528 0.533056 0.455540 0.532153 0.453160 0.531970
0 0.614496 0.529575 0.616148 0.531016 0.617604 0.531016 0.620320 0.530295 0.619788 0.528498 0.615616 0.527960
0 0.653808 0.550634 0.654536 0.552075 0.655992 0.553160 0.657980 0.551901 0.657252 0.549019 0.655432 0.549019
0 0.630708 0.521858 0.632528 0.524740 0.634880 0.524740 0.635776 0.522934 0.633984 0.520234
0 0.751696 0.539774 0.752816 0.542153 0.754076 0.542656 0.756372 0.542405 0.757380 0.540278 0.755728 0.538524 0.753320 0.538030
0 0.801704 0.549149 0.802208 0.552656 0.803356 0.553524 0.805988 0.553524 0.808900 0.551901 0.809152 0.548151 0.807136 0.545530 0.802852 0.546024
0 0.724704 0.552378 0.725124 0.554149 0.726804 0.554774 0.728708 0.553212 0.729128 0.551753 0.727336 0.550608 0.725544 0.551024
0 0.849892 0.547656 0.849892 0.549306 0.851992 0.549913 0.853308 0.549306 0.853056 0.547569 0.851572 0.547222
0 0.945820 0.518012 0.946212 0.520017 0.948480 0.522014 0.951000 0.521016 0.951644 0.518012 0.949628 0.516641 0.946968 0.516389
0 0.975528 0.532639 0.975752 0.533385 0.978048 0.534010 0.979168 0.532760 0.979308 0.530260 0.975892 0.530017
