0 0.782692 0.498073 0.779864 0.500252 0.777652 0.503707 0.777036 0.506502 0.777344 0.510547 0.780480 0.513316 0.783952 0.513655 0.789916 0.505538
0 0.534696 0.532474 0.532876 0.532917 0.531364 0.533967 0.530440 0.535321 0.530916 0.536667 0.532260 0.537717 0.536208 0.538168 0.537580 0.537422
0 0.516328 0.499141 0.515096 0.500269 0.513780 0.502439 0.513612 0.503655 0.513528 0.504957 0.514592 0.505911 0.515544 0.505564 0.517028 0.503481 0.517112 0.502352 0.518708 0.501137 0.519324 0.499835
0 0.466152 0.537023 0.464052 0.537283 0.462232 0.539618 0.462232 0.542205 0.466684 0.542726 0.469036 0.540651 0.470100 0.538576
0 0.470100 0.561389 0.468252 0.561389 0.466432 0.561910 0.465116 0.563724 0.465900 0.566050 0.468784 0.569167 0.471388 0.569939 0.474552 0.569679 0.479788 0.567604 0.482644 0.565538 0.482924 0.560868 0.476904 0.561910
0 0.442072 0.562943 0.440224 0.563976 0.439440 0.565790 0.440224 0.566832 0.443108 0.566832 0.444424 0.564236
0 0.459096 0.511623 0.457780 0.512135 0.456716 0.514210 0.456996 0.516545 0.459628 0.516545 0.461700 0.515764 0.460916 0.512656
0 0.471668 0.502031 0.470604 0.503845 0.470604 0.505660 0.470884 0.508255 0.471668 0.509288 0.472984 0.509288 0.474804 0.505920 0.473488 0.503064
0 0.433420 0.498403 0.431320 0.499436 0.430004 0.501771 0.431600 0.504366 0.434988 0.505139 0.436556 0.504878 0.437620 0.503585 0.435520 0.501250
0 0.375796 0.500217 0.374480 0.500738 0.372660 0.502552 0.370812 0.503845 0.369776 0.504627 0.371092 0.505660 0.375796 0.505660 0.376832 0.505139 0.381032 0.502031 0.379716 0.501250
0 0.335504 0.507075 0.339452 0.500773 0.344296 0.497622 0.348076 0.497023 0.350512 0.497023 0.350204 0.499575 0.347012 0.504974 0.344744 0.507222 0.342476 0.509627 0.336568 0.510677 0.335644 0.509774
0 0.359612 0.505573 0.357624 0.506476 0.356112 0.507821 0.354908 0.509627 0.355664 0.510373 0.358688 0.510226 0.362328 0.507977 0.363700 0.505278
0 0.308064 0.524922 0.306692 0.524922 0.304284 0.525078 0.302744 0.525373 0.301848 0.526727 0.303220 0.527778 0.304424 0.528220 0.306860 0.528377 0.309268 0.527326 0.309576 0.526875
0 0.308960 0.517726 0.305936 0.518177 0.304116 0.519375 0.303528 0.520877 0.304732 0.521927 0.306104 0.522378 0.308960 0.522526 0.311256 0.521623 0.312320 0.520720 0.312320 0.518628
0 0.376132 0.533776 0.374004 0.534227 0.372800 0.535425 0.373080 0.537821 0.374592 0.538125 0.378092 0.538125 0.380220 0.535877
0 0.329120 0.497778 0.327468 0.499427 0.326544 0.501372 0.326712 0.502274 0.328364 0.502578 0.330184 0.502422 0.331108 0.500773 0.331864 0.499123
0 0.601868 0.532031 0.598228 0.532335 0.598396 0.535634 0.602652 0.536684 0.604724 0.534549
0 0.318004 0.571267 0.318508 0.573394 0.319880 0.575391 0.321392 0.577648 0.323688 0.578767 0.324556 0.579644 0.326600 0.576892 0.326712 0.573394 0.323800 0.570148 0.322176 0.569523
0 0.410544 0.507812 0.415108 0.507995 0.416004 0.506554 0.415276 0.504939 0.412364 0.504575 0.410180 0.504757
0 0.264580 0.533594 0.263124 0.533950 0.262032 0.535035 0.262956 0.536649 0.264944 0.537014 0.266232 0.536476 0.266568 0.534488
0 0.234396 0.493811 0.233304 0.494175 0.231848 0.495790 0.231484 0.497595 0.232212 0.499392 0.234564 0.499748 0.236020 0.498672 0.236748 0.495790
0 0.288436 0.495321 0.287036 0.496363 0.287120 0.498186 0.288548 0.499314 0.289752 0.498880 0.290984 0.497144 0.290648 0.496189
0 0.129228 0.500434 0.132140 0.498993 0.136508 0.496658 0.137768 0.495573 0.138328 0.495217 0.138692 0.496476 0.138496 0.498993 0.137236 0.500434 0.135416 0.502413 0.131776 0.502778 0.128500 0.502595
0 0.107416 0.502240 0.110496 0.500799 0.111588 0.499175 0.112120 0.497196 0.110692 0.496476 0.105960 0.498455 0.103580 0.499358 0.102320 0.500252 0.099576 0.502240 0.100500 0.503854 0.102320 0.504219
0 0.062700 0.559852 0.064268 0.562352 0.066480 0.563082 0.067236 0.563602 0.067544 0.564540 0.067544 0.565477 0.066704 0.565894 0.064492 0.565269 0.062084 0.564644 0.061440 0.563602 0.061020 0.561832
0 0.038704 0.508585 0.037136 0.509366 0.036324 0.510399 0.035820 0.511701 0.037388 0.511962 0.038704 0.511441 0.040776 0.510399 0.040524 0.509106
0 0.020056 0.488672 0.019860 0.489714 0.019076 0.491710 0.018292 0.493012 0.016528 0.495269 0.015408 0.496137 0.013196 0.495530 0.012860 0.494054 0.013028 0.492405 0.013644 0.490668 0.016808 0.488585 0.018292 0.487804
0 0.024004 0.479818 0.022856 0.480599 0.022156 0.481901 0.021960 0.483984 0.022688 0.484592 0.024004 0.484592 0.025488 0.482595 0.025740 0.479818 0.025740 0.479384
0 0.023724 0.564931 0.022352 0.565243 0.019636 0.566276 0.020672 0.568394 0.022660 0.569132 0.024788 0.567943 0.026300 0.566432
