1 0.100836 0.531580 0.103664 0.535000 0.109320 0.537179 0.115004 0.539358 0.117496 0.539983 0.119064 0.539983 0.120968 0.537491 0.120660 0.536866 0.109656 0.531580 0.106492 0.529401
0 0.148632 0.564045 0.149892 0.563420 0.150788 0.560417 0.149752 0.560165 0.148268 0.560295 0.147232 0.561545 0.146224 0.562795 0.145972 0.563793
0 0.329232 0.552387 0.329428 0.550720 0.328700 0.549575 0.328084 0.549366 0.326600 0.549679 0.325228 0.550200 0.324276 0.551450 0.324080 0.552387 0.326180 0.552595 0.327860 0.552595
0 0.414940 0.556571 0.415864 0.555425 0.415976 0.554488 0.415976 0.554280 0.414940 0.554071 0.413680 0.553967 0.413232 0.554488 0.413036 0.555738 0.413568 0.556571 0.414408 0.557092
1 0.327132 0.546016 0.329876 0.544818 0.333320 0.543316 0.333432 0.542448 0.330464 0.541970 0.326544 0.542413 0.325172 0.543620 0.324864 0.544965 0.325004 0.545564 0.325788 0.546163
1 0.277908 0.543663 0.278328 0.545660 0.280708 0.546858 0.282528 0.547214 0.287428 0.546858 0.290340 0.546319 0.291236 0.545781 0.291432 0.544158 0.289612 0.541641 0.287792 0.540373 0.286336 0.540920 0.283592 0.542535 0.281072 0.544340
1 0.276396 0.536649 0.276144 0.535408 0.275248 0.533906 0.274604 0.532405 0.274128 0.530651 0.272728 0.530530 0.272084 0.530903 0.271216 0.531528 0.270964 0.533151 0.271580 0.535026 0.271832 0.535903 0.273092 0.536155
1 0.411160 0.569462 0.412364 0.568594 0.413344 0.567639 0.414044 0.566597 0.413344 0.566510 0.412364 0.567292 0.411160 0.568681 0.410796 0.569288
1 0.308064 0.514497 0.306216 0.517630 0.306216 0.522552 0.305768 0.529722 0.303500 0.534201 0.299020 0.537335 0.294932 0.537335 0.288548 0.539575 0.284572 0.538368 0.283060 0.536198 0.278860 0.534983 0.278608 0.531510 0.279084 0.528828 0.280848 0.527031 0.285440 0.524349 0.288548 0.520312 0.290816 0.515391 0.291264 0.511806 0.293532 0.509566 0.299916 0.509566 0.302632 0.509566 0.307616 0.510911 0.308064 0.511354
1 0.900852 0.584601 0.904632 0.582622 0.906228 0.581059 0.905472 0.579705 0.903176 0.578038 0.901272 0.578038 0.900628 0.579809
1 0.863136 0.565460 0.865712 0.560807 0.866468 0.558854 0.865404 0.557352 0.863892 0.556910 0.862072 0.557656 0.860700 0.559453 0.860840 0.562309
