0 0.513760 0.540191 0.512556 0.540642 0.511044 0.542743 0.511352 0.544097 0.513480 0.544392 0.515748 0.542743
0 0.401200 0.549210 0.404672 0.551389 0.407500 0.553872 0.409376 0.557300 0.407500 0.559470 0.405932 0.559167 0.401200 0.555738 0.399632 0.553568 0.392408 0.550451 0.392716 0.549835
0 0.322632 0.533203 0.324088 0.534141 0.325768 0.535807 0.326412 0.537891 0.325348 0.540495 0.323864 0.539974 0.320728 0.537995
0 0.965764 0.514575 0.969852 0.511875 0.976236 0.509175 0.978364 0.506771 0.978952 0.508429 0.977580 0.509774 0.975172 0.511128 0.971532 0.513524 0.968032 0.515477
0 0.880784 0.500799 0.879216 0.501944 0.878152 0.502674 0.876780 0.503924 0.875520 0.505382 0.873952 0.506944 0.873532 0.508090 0.874484 0.509340 0.877424 0.508507 0.881008 0.506632 0.882800 0.505174 0.883528 0.503299 0.883836 0.502465 0.883220 0.500174
0 0.888288 0.490069 0.887532 0.490903 0.886804 0.492361 0.886076 0.493924 0.886496 0.494861 0.887028 0.495590 0.890808 0.495694 0.890920 0.490069
0 0.902232 0.519575 0.900384 0.520443 0.899516 0.521832 0.901196 0.523307 0.903296 0.523655 0.903912 0.522179 0.903548 0.520964
0 0.929700 0.570182 0.930932 0.571979 0.933032 0.573481 0.933956 0.576181 0.934264 0.579028 0.930456 0.578733 0.927124 0.576927 0.926984 0.572882
0 0.889156 0.575686 0.886132 0.576285 0.885964 0.579132 0.887644 0.580634 0.892040 0.580634 0.892348 0.578681
0 0.454064 0.552344 0.451460 0.552491 0.449668 0.556241 0.451768 0.558941 0.458460 0.561345 0.460728 0.558498 0.457844 0.552943
