1 0.875444 0.527161 0.890368 0.528064 0.892916 0.529688 0.911452 0.528064 0.906384 0.525547 0.893448 0.524826 0.883284 0.525182 0.878188 0.525182
1 0.954040 0.530668 0.948356 0.530885 0.947488 0.532396 0.949252 0.533481 0.954040 0.532830 0.956224 0.531753
0 0.981760 0.626997 0.980304 0.627352 0.979016 0.628793 0.979212 0.630773 0.983580 0.631137 0.984308 0.629870
0 0.867324 0.616554 0.863264 0.617448 0.860996 0.619236 0.862368 0.621927 0.872756 0.622378 0.873680 0.620139
0 0.762688 0.565252 0.760672 0.566510 0.761232 0.569036 0.763052 0.570113 0.766328 0.571198 0.768848 0.570651 0.769576 0.566693
0 0.758068 0.621589 0.755464 0.621155 0.754148 0.622448 0.754820 0.624175 0.758292 0.625043 0.760700 0.624175
0 0.582200 0.570495 0.585364 0.568698 0.589928 0.567943 0.589172 0.566146 0.585224 0.564497 0.581304 0.565095 0.579008 0.566892 0.578728 0.569141
0 0.580380 0.582344 0.578112 0.580243 0.577804 0.578594 0.579316 0.577092 0.584188 0.577092 0.586456 0.578299 0.589928 0.580243 0.590516 0.581597 0.590684 0.582491
0 0.575900 0.589340 0.579456 0.589965 0.582620 0.591094 0.584888 0.592344 0.586540 0.593715 0.589816 0.594219 0.590964 0.592595 0.589564 0.589722 0.586680 0.587717 0.579456 0.584965 0.575312 0.584097 0.573268 0.584219
0 0.501000 0.533811 0.498116 0.535104 0.498116 0.537179 0.501784 0.536918 0.505732 0.535104 0.506236 0.533290
0 0.197340 0.496458 0.194708 0.498403 0.193196 0.503151 0.197760 0.505530 0.201260 0.503368
0 0.833108 0.598872 0.831008 0.599384 0.831260 0.601719 0.833108 0.603012 0.834928 0.602500 0.836244 0.601458
